1	0.23076298448010674	75.43483972549438	98.22386503219604	99.2-65.4	98.2-52.7	(69.00849342346191,)	(65.40849804878235,)	73.02786111831665
2	0.2075575650078937	77.46257781982422	98.37079644203186	99.2-70.3	98.3-56.6	(72.27768898010254,)	(70.25044560432434,)	74.42541122436523
3	0.1979675308566754	78.16921472549438	98.42416048049927	99.3-71.8	98.4-57.9	(73.37705492973328,)	(71.83935046195984,)	74.98202323913574
4	0.18911721894046182	78.81858348846436	98.47360253334045	99.3-73.3	98.4-59.2	(74.37039017677307,)	(73.25631976127625,)	75.51885843276978
5	0.1800299105291415	79.50747609138489	98.5271155834198	99.3-74.7	98.5-60.5	(75.40638446807861,)	(74.68950748443604,)	76.13715529441833
6	0.17096150691422507	80.27637004852295	98.58798384666443	99.3-76.2	98.6-62.0	(76.54173374176025,)	(76.21299028396606,)	76.8733263015747
7	0.1620182014002686	81.09490871429443	98.65274429321289	99.3-77.8	98.6-63.6	(77.72780656814575,)	(77.76851058006287,)	77.68715023994446
8	0.15304050223358545	81.95674419403076	98.72201085090637	99.3-79.3	98.7-65.2	(78.95137667655945,)	(79.27839159965515,)	78.62706184387207
9	0.14423447912732823	82.85395503044128	98.79485964775085	99.4-80.7	98.8-66.9	(80.19877076148987,)	(80.72820901870728,)	79.67623472213745
10	0.13533297416508794	83.77967476844788	98.86936545372009	99.4-82.2	98.8-68.7	(81.45955801010132,)	(82.15668201446533,)	80.7741641998291
11	0.12638803590292977	84.7314715385437	98.94561767578125	99.4-83.5	98.9-70.5	(82.72865414619446,)	(83.52904915809631,)	81.94345235824585
12	0.11868112024875731	85.56786775588989	99.01185035705566	99.5-84.7	99.0-72.1	(83.82214903831482,)	(84.67912077903748,)	82.98234939575195
13	0.1115294351417593	86.3470196723938	99.0729033946991	99.5-85.7	99.0-73.6	(84.82301235198975,)	(85.6960654258728,)	83.96756052970886
14	0.10456590409584329	87.11755275726318	99.13225769996643	99.5-86.7	99.1-75.1	(85.7966423034668,)	(86.68756484985352,)	84.92384552955627
15	0.09835913314088862	87.810218334198	99.1850197315216	99.5-87.6	99.2-76.5	(86.65831089019775,)	(87.55190968513489,)	85.78276634216309
16	0.09275181629621236	88.43773603439331	99.23223853111267	99.6-88.3	99.2-77.7	(87.42814064025879,)	(88.30854296684265,)	86.56511902809143
17	0.08795081277984193	88.99334669113159	99.27351474761963	99.6-89.0	99.3-78.7	(88.10140490531921,)	(88.96386623382568,)	87.25550770759583
18	0.08380685029347491	89.47296738624573	99.30889010429382	99.6-89.5	99.3-79.7	(88.67630958557129,)	(89.51354622840881,)	87.85457611083984
19	0.07958158629638169	89.95903730392456	99.34434294700623	99.6-90.1	99.3-80.6	(89.25317525863647,)	(90.06149768829346,)	88.4592354297638
20	0.07549262292298121	90.4342532157898	99.37866926193237	99.7-90.6	99.4-81.5	(89.81161117553711,)	(90.58478474617004,)	89.05152678489685
21	0.07197098023331912	90.85427522659302	99.40871000289917	99.7-91.0	99.4-82.3	(90.30070304870605,)	(91.04382991790771,)	89.56961035728455
22	0.06856159483042414	91.25890135765076	99.43743348121643	99.7-91.5	99.4-83.1	(90.767902135849,)	(91.47623777389526,)	90.0704562664032
23	0.06520873281225581	91.65496826171875	99.46532845497131	99.7-91.9	99.5-83.9	(91.22151136398315,)	(91.89898371696472,)	90.55395126342773
24	0.06211501128593171	92.02668070793152	99.49124455451965	99.7-92.3	99.5-84.6	(91.64397716522217,)	(92.2833502292633,)	91.01340174674988
25	0.05899642133789649	92.40539073944092	99.51753616333008	99.7-92.7	99.5-85.3	(92.07108616828918,)	(92.67252683639526,)	91.47740602493286
26	0.056146353038528024	92.75669455528259	99.54155683517456	99.7-93.0	99.5-86.0	(92.46450662612915,)	(93.03485155105591,)	91.90110564231873
27	0.053432027194487065	93.09002161026001	99.5643138885498	99.8-93.4	99.6-86.6	(92.83517003059387,)	(93.36972236633301,)	92.30669140815735
28	0.05108932933814497	93.37961673736572	99.58392977714539	99.8-93.7	99.6-87.2	(93.15521717071533,)	(93.65653395652771,)	92.65922904014587
29	0.04921493617554194	93.61627697944641	99.59980845451355	99.8-93.9	99.6-87.6	(93.41544508934021,)	(93.89805793762207,)	92.93776154518127
30	0.04789704463986772	93.78268718719482	99.61097836494446	99.8-94.1	99.6-88.0	(93.5976505279541,)	(94.05856728553772,)	93.14122796058655
