0	0.24866394214428056	73.75463843345642	98.10304641723633	99.2-61.4	98.1-49.4	(66.16889238357544,)	(61.36166453361511,)	71.7933714389801
1	0.2209571961646915	76.48873329162598	98.30386638641357	99.3-67.8	98.3-54.7	(70.72510719299316,)	(67.77160167694092,)	73.94776940345764
2	0.2171217023328436	76.80500745773315	98.328298330307	99.3-68.5	98.3-55.3	(71.23112082481384,)	(68.45616102218628,)	74.24055933952332
3	0.21556070310777894	76.93275213241577	98.33931922912598	99.3-68.7	98.3-55.6	(71.43339514732361,)	(68.68579983711243,)	74.40997958183289
4	0.20721101050108615	77.5799036026001	98.38376641273499	99.3-70.3	98.3-56.8	(72.4580466747284,)	(70.32736539840698,)	74.72186088562012
5	0.2040071672533866	77.82865166664124	98.40314984321594	99.3-70.8	98.4-57.3	(72.84560203552246,)	(70.84826231002808,)	74.95882511138916
6	0.20085315375138466	78.07831764221191	98.42188358306885	99.3-71.4	98.4-57.8	(73.23282957077026,)	(71.40681743621826,)	75.15468001365662
7	0.19790331332860978	78.29281687736511	98.4380841255188	99.3-71.9	98.4-58.2	(73.56356382369995,)	(71.88106179237366,)	75.3267228603363
8	0.19546486428085444	78.49228382110596	98.45417737960815	99.3-72.3	98.4-58.6	(73.86870384216309,)	(72.26870656013489,)	75.5411446094513
9	0.19148531283689116	78.80314588546753	98.47778677940369	99.3-72.9	98.4-59.2	(74.34252500534058,)	(72.946697473526,)	75.7928192615509
10	0.1877930741721173	79.0736198425293	98.4986662864685	99.3-73.5	98.5-59.7	(74.75160956382751,)	(73.51431250572205,)	76.03126168251038
11	0.18296266889351936	79.45396304130554	98.52696061134338	99.3-74.4	98.5-60.4	(75.32326579093933,)	(74.3606686592102,)	76.31111145019531
12	0.17872930974000914	79.77896928787231	98.55176210403442	99.3-75.1	98.5-61.0	(75.80708861351013,)	(75.05486607551575,)	76.57455205917358
13	0.17316771842748002	80.2468478679657	98.58754277229309	99.3-76.0	98.6-61.9	(76.49700045585632,)	(76.03524923324585,)	76.9644021987915
14	0.16734883475434623	80.75791001319885	98.62675070762634	99.3-77.1	98.6-62.9	(77.2417426109314,)	(77.08399891853333,)	77.400141954422
15	0.16201349643118446	81.23713731765747	98.66487979888916	99.3-78.0	98.6-63.8	(77.93090343475342,)	(77.98013091087341,)	77.88172960281372
16	0.1575314732932912	81.66189193725586	98.69863390922546	99.3-78.8	98.7-64.7	(78.53529453277588,)	(78.75074744224548,)	78.32101583480835
17	0.15166685605902616	82.19397068023682	98.74085187911987	99.3-79.7	98.7-65.7	(79.28403615951538,)	(79.70330119132996,)	78.86916995048523
18	0.14759595601004474	82.61255621910095	98.77535104751587	99.4-80.3	98.7-66.5	(79.86563444137573,)	(80.34019470214844,)	79.39664125442505
19	0.1416193268298431	83.18301439285278	98.8206684589386	99.4-81.3	98.8-67.6	(80.65051436424255,)	(81.29874467849731,)	80.01253008842468
20	0.13514641446288717	83.85341167449951	98.87421727180481	99.4-82.4	98.8-68.9	(81.55962824821472,)	(82.3523223400116,)	80.78205585479736
21	0.12886695641453372	84.50035452842712	98.92582893371582	99.4-83.3	98.9-70.1	(82.4239194393158,)	(83.31564664840698,)	81.55108690261841
22	0.12365841735706108	85.05953550338745	98.97037148475647	99.4-84.1	98.9-71.2	(83.16089510917664,)	(84.09934043884277,)	82.24316239356995
23	0.11798867110807043	85.66940426826477	99.01823401451111	99.5-85.0	99.0-72.3	(83.9546799659729,)	(84.95814204216003,)	82.97463655471802
24	0.11301308454158887	86.21193170547485	99.06086921691895	99.5-85.7	99.0-73.4	(84.65175032615662,)	(85.66632866859436,)	83.66091251373291
25	0.10816820212672851	86.74917221069336	99.10262823104858	99.5-86.4	99.1-74.4	(85.33409237861633,)	(86.35817170143127,)	84.33402180671692
26	0.10358405584488628	87.25869655609131	99.14185404777527	99.5-87.0	99.1-75.4	(85.97407937049866,)	(86.99731230735779,)	84.97464656829834
27	0.09934258738626214	87.73329257965088	99.1780936717987	99.5-87.6	99.2-76.3	(86.56398057937622,)	(87.58041262626648,)	85.57087182998657
28	0.09558565260111418	88.15845251083374	99.21032190322876	99.6-88.1	99.2-77.1	(87.08743453025818,)	(88.08797001838684,)	86.10936999320984
29	0.09252247519800721	88.51048946380615	99.23675656318665	99.6-88.5	99.2-77.8	(87.51735091209412,)	(88.50317001342773,)	86.55325174331665
