1	0.2441340244500505	74.32851791381836	98.15176129341125	99.3-62.5	98.1-50.5	(67.14569330215454,)	(62.4722421169281,)	72.57492542266846
2	0.22042375641556533	76.54881477355957	98.3073890209198	99.3-67.9	98.3-54.8	(70.82253098487854,)	(67.94969439506531,)	73.94900918006897
3	0.21643462023204246	76.89809799194336	98.33511114120483	99.3-68.7	98.3-55.5	(71.37964367866516,)	(68.67874264717102,)	74.30168390274048
4	0.2083987376016384	77.49347686767578	98.37653040885925	99.3-70.2	98.3-56.6	(72.32328057289124,)	(70.16461491584778,)	74.6189832687378
5	0.20447059642194895	77.80338525772095	98.4008252620697	99.3-70.8	98.4-57.2	(72.80665040016174,)	(70.81454992294312,)	74.91407990455627
6	0.2032582060447717	77.89453268051147	98.40973019599915	99.3-70.9	98.4-57.4	(72.9466438293457,)	(70.91920971870422,)	75.09341239929199
7	0.2003908186919474	78.09882760047913	98.42478036880493	99.3-71.4	98.4-57.8	(73.26340079307556,)	(71.38647437095642,)	75.24169683456421
8	0.19506567020775212	78.47057580947876	98.45184683799744	99.3-72.3	98.4-58.5	(73.83604049682617,)	(72.25582599639893,)	75.48691630363464
9	0.19159065826129737	78.73010635375977	98.47232699394226	99.3-72.8	98.4-59.0	(74.23144578933716,)	(72.7861225605011,)	75.73533654212952
10	0.18567552632386558	79.19648289680481	98.50711822509766	99.3-73.8	98.5-59.9	(74.93740916252136,)	(73.82706999778748,)	76.08165144920349
11	0.17914768315717358	79.72204685211182	98.54625463485718	99.3-75.0	98.5-60.9	(75.72357654571533,)	(74.9998152256012,)	76.4614462852478
12	0.1736242284684059	80.19212484359741	98.58225584030151	99.3-76.0	98.5-61.8	(76.41758322715759,)	(75.98211169242859,)	76.85807347297668
13	0.16754878082547123	80.7510495185852	98.62608909606934	99.3-77.1	98.6-62.9	(77.23190784454346,)	(77.07884311676025,)	77.38558053970337
14	0.1621073016894445	81.2487006187439	98.66544008255005	99.3-78.0	98.6-63.9	(77.9477059841156,)	(78.01740169525146,)	77.87814140319824
15	0.1584235776578006	81.60212635993958	98.69453310966492	99.3-78.6	98.7-64.5	(78.45012545585632,)	(78.60040068626404,)	78.30042243003845
16	0.1503929976081261	82.36074447631836	98.75454306602478	99.3-80.0	98.7-66.0	(79.51646447181702,)	(79.96184825897217,)	79.07601594924927
17	0.14291421110704014	83.09370279312134	98.81347417831421	99.4-81.2	98.8-67.4	(80.52837252616882,)	(81.15672469139099,)	79.90968227386475
18	0.13748027716750724	83.66173505783081	98.85947108268738	99.4-82.0	98.8-68.5	(81.30070567131042,)	(82.01077580451965,)	80.60281276702881
19	0.13123508241790402	84.29567813873291	98.91018867492676	99.4-83.0	98.9-69.7	(82.15135931968689,)	(82.96626806259155,)	81.35231137275696
20	0.12411723989232924	85.0409984588623	98.96928071975708	99.4-84.0	98.9-71.1	(83.13633799552917,)	(84.0392529964447,)	82.25260972976685
21	0.1182903800875126	85.66678762435913	99.01871085166931	99.5-84.9	99.0-72.3	(83.9508056640625,)	(84.89928841590881,)	83.02328586578369
22	0.11278429348651423	86.26375198364258	99.06525611877441	99.5-85.7	99.0-73.5	(84.7176730632782,)	(85.69753766059875,)	83.75996351242065
23	0.10772240924974574	86.82060837745667	99.10849332809448	99.5-86.4	99.1-74.6	(85.42401194572449,)	(86.4095389842987,)	84.46070551872253
24	0.10296238647205354	87.3456358909607	99.14881587028503	99.5-87.1	99.1-75.6	(86.0823929309845,)	(87.07491159439087,)	85.11223793029785
25	0.09843159182127913	87.85028457641602	99.18725490570068	99.5-87.7	99.2-76.5	(86.70831322669983,)	(87.68956661224365,)	85.7487678527832
26	0.0941999927013201	88.3216381072998	99.22283887863159	99.6-88.3	99.2-77.4	(87.28694319725037,)	(88.25170993804932,)	86.3430380821228
27	0.09038806657612093	88.75625729560852	99.2553174495697	99.6-88.8	99.2-78.3	(87.81549334526062,)	(88.76434564590454,)	86.8867039680481
28	0.0867709612248361	89.16673064231873	99.28570985794067	99.6-89.2	99.3-79.1	(88.310307264328,)	(89.24382328987122,)	87.39611506462097
29	0.0835037035279873	89.54602479934692	99.31368827819824	99.6-89.7	99.3-79.8	(88.76373767852783,)	(89.66806530952454,)	87.8774642944336
30	0.08101943473368212	89.8310124874115	99.33452606201172	99.6-90.0	99.3-80.3	(89.10212516784668,)	(89.99144434928894,)	88.23021054267883
