1	0.23061800616537265	75.36863088607788	98.21646809577942	99.2-65.4	98.2-52.6	(68.90124082565308,)	(65.35548567771912,)	72.85379767417908
2	0.20774769398916923	77.4362325668335	98.36828112602234	99.2-70.2	98.3-56.5	(72.23678827285767,)	(70.21627426147461,)	74.3770182132721
3	0.1979340646519096	78.13822031021118	98.42142462730408	99.3-71.8	98.4-57.9	(73.32955002784729,)	(71.78786993026733,)	74.93889927864075
4	0.1882173504113086	78.84548902511597	98.47565293312073	99.3-73.3	98.4-59.2	(74.41120147705078,)	(73.31475019454956,)	75.54095387458801
5	0.17982812097364484	79.49445843696594	98.52581024169922	99.3-74.7	98.5-60.5	(75.38719177246094,)	(74.67582821846008,)	76.11224055290222
6	0.17179873924647235	80.18202781677246	98.57931733131409	99.3-76.1	98.5-61.8	(76.40448808670044,)	(76.08181238174438,)	76.7299234867096
7	0.16265937507857794	81.0032606124878	98.64413738250732	99.3-77.7	98.6-63.4	(77.5972068309784,)	(77.66995429992676,)	77.52460241317749
8	0.15440648981458185	81.809002161026	98.70946407318115	99.3-79.1	98.7-64.9	(78.74388098716736,)	(79.06894087791443,)	78.4214973449707
9	0.14480075927922612	82.77640342712402	98.78787398338318	99.4-80.7	98.8-66.8	(80.09249567985535,)	(80.65635561943054,)	79.5364499092102
10	0.13576920655557823	83.71354341506958	98.86358380317688	99.4-82.1	98.8-68.6	(81.37070536613464,)	(82.09505677223206,)	80.65902590751648
11	0.12726410217607168	84.62857007980347	98.93699884414673	99.4-83.4	98.9-70.3	(82.59302973747253,)	(83.42041373252869,)	81.78189396858215
12	0.11897528490485805	85.52289009094238	99.00804162025452	99.5-84.6	99.0-72.1	(83.76402854919434,)	(84.64433550834656,)	82.90184140205383
13	0.11176266083379888	86.32763624191284	99.07100796699524	99.5-85.7	99.0-73.6	(84.79858636856079,)	(85.70917844772339,)	83.90713930130005
14	0.10491956165270293	87.0768666267395	99.12893772125244	99.5-86.7	99.1-75.0	(85.74576377868652,)	(86.66035532951355,)	84.85027551651001
15	0.09900019288690327	87.73877024650574	99.17954802513123	99.5-87.5	99.2-76.3	(86.57006025314331,)	(87.48001456260681,)	85.67883372306824
16	0.09357915362475125	88.3527398109436	99.22577142715454	99.6-88.2	99.2-77.5	(87.32454180717468,)	(88.21251392364502,)	86.45427227020264
17	0.08854454757582159	88.93402218818665	99.26905632019043	99.6-88.9	99.2-78.6	(88.02992701530457,)	(88.90227675437927,)	87.17452883720398
18	0.0839310267886791	89.46412801742554	99.30816292762756	99.6-89.5	99.3-79.6	(88.66580128669739,)	(89.51290845870972,)	87.8345787525177
19	0.07968826754665133	89.94839191436768	99.34353828430176	99.6-90.1	99.3-80.6	(89.24062252044678,)	(90.05222916603088,)	88.44351172447205
20	0.07584056435830541	90.40017127990723	99.37615990638733	99.7-90.6	99.4-81.4	(89.77175951004028,)	(90.55351614952087,)	89.00339603424072
21	0.07221394560778968	90.82391858100891	99.40651059150696	99.7-91.0	99.4-82.3	(90.26551246643066,)	(91.01506471633911,)	89.52820897102356
22	0.0686966613446604	91.23929738998413	99.43603277206421	99.7-91.5	99.4-83.1	(90.7453715801239,)	(91.46054983139038,)	90.0412917137146
23	0.0654066780102916	91.63637161254883	99.46395754814148	99.7-91.9	99.4-83.8	(91.20034575462341,)	(91.88441634178162,)	90.52637815475464
24	0.06215650072343484	92.02399253845215	99.49109554290771	99.7-92.3	99.5-84.6	(91.64090752601624,)	(92.28285551071167,)	91.0078227519989
25	0.05902511508732372	92.40303039550781	99.51726198196411	99.7-92.7	99.5-85.3	(92.06849932670593,)	(92.67805218696594,)	91.46690964698792
26	0.05608133245748273	92.76297688484192	99.54202175140381	99.7-93.0	99.5-86.0	(92.47149229049683,)	(93.03995966911316,)	91.90992712974548
27	0.05334577849524603	93.09719800949097	99.56479072570801	99.8-93.4	99.6-86.6	(92.84312129020691,)	(93.37661862373352,)	92.31567978858948
28	0.05096476144083588	93.39452385902405	99.58489537239075	99.8-93.7	99.6-87.2	(93.17166209220886,)	(93.6754584312439,)	92.67325401306152
29	0.04904051438988656	93.63783597946167	99.60126876831055	99.8-93.9	99.6-87.7	(93.43907237052917,)	(93.91847252845764,)	92.96453595161438
30	0.04769858277549143	93.80764961242676	99.6126115322113	99.8-94.1	99.6-88.0	(93.62496733665466,)	(94.08875703811646,)	93.16573143005371
