0	0.24728985626013028	73.9994764328003	98.12570810317993	99.3-61.8	98.1-49.9	(66.5856420993805,)	(61.77131533622742,)	72.21383452415466
1	0.22433369302449307	76.19240283966064	98.28347563743591	99.3-67.0	98.2-54.1	(70.24514079093933,)	(67.02181696891785,)	73.79418015480042
2	0.2149381490828468	76.980060338974	98.33976626396179	99.3-68.9	98.3-55.7	(71.51126861572266,)	(68.92393827438354,)	74.30042624473572
3	0.2099763970037698	77.3601770401001	98.3671486377716	99.3-69.8	98.3-56.4	(72.11329340934753,)	(69.83520984649658,)	74.54500794410706
4	0.2049619799656152	77.74547338485718	98.39498400688171	99.3-70.8	98.4-57.1	(72.71771430969238,)	(70.75374722480774,)	74.79381561279297
5	0.20049310135562154	78.0855119228363	98.42095971107483	99.3-71.5	98.4-57.8	(73.24519157409668,)	(71.49195075035095,)	75.08658766746521
6	0.19935319366212995	78.17891240119934	98.43000173568726	99.3-71.6	98.4-58.0	(73.38773012161255,)	(71.6051459312439,)	75.2613365650177
7	0.19649325592739594	78.38645577430725	98.44566583633423	99.3-72.1	98.4-58.4	(73.70696663856506,)	(72.06473350524902,)	75.42580962181091
8	0.18949255603920315	78.91948223114014	98.48442077636719	99.3-73.3	98.5-59.4	(74.52074885368347,)	(73.31174612045288,)	75.77029466629028
9	0.1845547657907345	79.31011915206909	98.51500988006592	99.3-74.1	98.5-60.1	(75.10868906974792,)	(74.10969138145447,)	76.13499164581299
10	0.17856598669856172	79.79180812835693	98.5516369342804	99.3-75.1	98.5-61.1	(75.82702040672302,)	(75.14160871505737,)	76.52505040168762
11	0.17423341006366805	80.19567728042603	98.58378171920776	99.3-75.9	98.6-61.8	(76.42179727554321,)	(75.91733932495117,)	76.93301439285278
12	0.16714042098563062	80.81169128417969	98.63115549087524	99.3-77.2	98.6-63.0	(77.31937766075134,)	(77.17651128768921,)	77.46278047561646
13	0.16088687437865343	81.38002157211304	98.67659211158752	99.3-78.2	98.6-64.1	(78.13462018966675,)	(78.21397185325623,)	78.05542349815369
14	0.15290091455184254	82.1250319480896	98.73643517494202	99.3-79.5	98.7-65.5	(79.18675541877747,)	(79.51564192771912,)	78.8605809211731
15	0.14584034786086483	82.83204436302185	98.79345297813416	99.4-80.7	98.8-66.9	(80.16834855079651,)	(80.66828846931458,)	79.67455387115479
16	0.13804508090806022	83.60351324081421	98.85503649711609	99.4-81.9	98.8-68.4	(81.22180104255676,)	(81.90731406211853,)	80.54766058921814
17	0.13437949183966102	84.00434851646423	98.88805150985718	99.4-82.4	98.9-69.1	(81.76109790802002,)	(82.43943452835083,)	81.09383583068848
18	0.12545675994451735	84.9191963672638	98.96032214164734	99.4-83.8	98.9-70.9	(82.97598958015442,)	(83.81248116493225,)	82.15603232383728
19	0.11919198953531591	85.58863997459412	99.01305437088013	99.5-84.7	99.0-72.2	(83.84934663772583,)	(84.74220037460327,)	82.97511339187622
20	0.11299092992114747	86.24992370605469	99.064701795578	99.5-85.6	99.0-73.5	(84.69964861869812,)	(85.63205599784851,)	83.78732800483704
21	0.10772036604405755	86.82299852371216	99.10901188850403	99.5-86.4	99.1-74.6	(85.4267954826355,)	(86.38049960136414,)	84.49391722679138
22	0.10264232001133643	87.38424777984619	99.15207028388977	99.5-87.1	99.1-75.6	(86.13031506538391,)	(87.08946704864502,)	85.19204258918762
23	0.09775402729686755	87.92697787284851	99.193274974823	99.5-87.8	99.2-76.7	(86.80270314216614,)	(87.75532841682434,)	85.87053418159485
24	0.09325304153871274	88.42827677726746	99.23115372657776	99.6-88.3	99.2-77.6	(87.41685748100281,)	(88.34590911865234,)	86.50715351104736
25	0.08928079617971942	88.88288736343384	99.26493763923645	99.6-88.9	99.2-78.5	(87.96845078468323,)	(88.88456225395203,)	87.07101941108704
26	0.08561866305989177	89.29775953292847	99.29564595222473	99.6-89.4	99.3-79.3	(88.46718072891235,)	(89.36274647712708,)	87.58938312530518
27	0.08211635463647377	89.70330953598022	99.32538866996765	99.6-89.8	99.3-80.1	(88.95059823989868,)	(89.81866836547852,)	88.09916377067566
28	0.07930346796947549	90.0300145149231	99.34913516044617	99.6-90.2	99.3-80.7	(89.33715224266052,)	(90.1898205280304,)	88.50046396255493
29	0.07695815476774209	90.30397534370422	99.3689775466919	99.6-90.5	99.4-81.3	(89.65927362442017,)	(90.4879093170166,)	88.84567022323608
