0	0.12987516955361586	70.12445330619812	97.79488444328308	99.2-53.9	97.8-42.5	(59.63980555534363,)	(53.89246940612793,)	66.75931215286255
1	0.05138537282104971	73.73740673065186	98.11314344406128	99.3-60.9	98.1-49.4	(66.12857580184937,)	(60.92640161514282,)	72.30204939842224
2	0.04860048482259909	74.62818622589111	98.17855954170227	99.3-63.0	98.1-51.1	(67.64885783195496,)	(62.99354434013367,)	73.04714322090149
3	0.04669335368389224	75.26113986968994	98.22385907173157	99.3-64.5	98.2-52.3	(68.70933771133423,)	(64.50356841087341,)	73.50180745124817
4	0.04567016362685156	75.60573816299438	98.24828505516052	99.3-65.3	98.2-53.0	(69.27975416183472,)	(65.3363823890686,)	73.72970581054688
5	0.044770729532693225	75.91652870178223	98.27089309692383	99.3-66.1	98.2-53.6	(69.78946924209595,)	(66.06742143630981,)	73.95594120025635
6	0.04403396748895088	76.16538405418396	98.28808307647705	99.3-66.7	98.3-54.1	(70.19553780555725,)	(66.68197512626648,)	74.0999698638916
7	0.04359759058409322	76.34482979774475	98.30201268196106	99.3-67.1	98.3-54.4	(70.4854428768158,)	(67.07162857055664,)	74.26540851593018
8	0.0428836099959068	76.57861113548279	98.31807017326355	99.3-67.7	98.3-54.9	(70.86299657821655,)	(67.65279769897461,)	74.39301609992981
9	0.04227889284727818	76.79663300514221	98.3343243598938	99.3-68.1	98.3-55.3	(71.2119996547699,)	(68.14500093460083,)	74.56808090209961
10	0.042020071074498504	76.88891887664795	98.341304063797	99.3-68.4	98.3-55.5	(71.35908603668213,)	(68.3519721031189,)	74.64296817779541
11	0.041492042421673335	77.08818316459656	98.35513830184937	99.3-68.8	98.3-55.9	(71.67657613754272,)	(68.84303092956543,)	74.7533917427063
12	0.0411269138640612	77.20876932144165	98.36411476135254	99.3-69.1	98.3-56.1	(71.86742424964905,)	(69.11836266517639,)	74.844229221344
13	0.04070277623886198	77.34986543655396	98.37459921836853	99.3-69.4	98.3-56.4	(72.09004759788513,)	(69.4354236125946,)	74.95570778846741
14	0.040450935213480574	77.45168805122375	98.3823299407959	99.3-69.7	98.3-56.6	(72.25006818771362,)	(69.65864896774292,)	75.0417411327362
15	0.04015539815536648	77.57343053817749	98.39138388633728	99.3-69.9	98.4-56.8	(72.4410355091095,)	(69.93681192398071,)	75.13124942779541
16	0.03972052578368756	77.72948741912842	98.40354919433594	99.3-70.3	98.4-57.1	(72.68450260162354,)	(70.25814056396484,)	75.28443932533264
17	0.039314847436229206	77.84596681594849	98.41157793998718	99.3-70.5	98.4-57.3	(72.86652326583862,)	(70.54890990257263,)	75.34157037734985
18	0.03906056484767024	77.91264653205872	98.41722249984741	99.3-70.7	98.4-57.4	(72.96960353851318,)	(70.66547274589539,)	75.42904615402222
19	0.0387471924883452	78.04319262504578	98.42665195465088	99.3-71.0	98.4-57.7	(73.17225933074951,)	(70.97122073173523,)	75.51419138908386
20	0.038434995577747995	78.12941074371338	98.43348264694214	99.3-71.1	98.4-57.9	(73.30526113510132,)	(71.14567160606384,)	75.60006976127625
21	0.03807991409598726	78.25256586074829	98.44250082969666	99.3-71.4	98.4-58.1	(73.49540591239929,)	(71.42665386199951,)	75.68755745887756
22	0.03782491160137489	78.33012342453003	98.4492838382721	99.3-71.6	98.4-58.2	(73.61388206481934,)	(71.55376672744751,)	75.79615116119385
23	0.03759209887713496	78.39429378509521	98.45422506332397	99.3-71.7	98.4-58.4	(73.7123429775238,)	(71.68639302253723,)	75.85613131523132
24	0.03724420463866617	78.53227853775024	98.4642744064331	99.3-72.0	98.4-58.6	(73.92398715019226,)	(72.00563549995422,)	75.94735026359558
25	0.03700484249411608	78.61015200614929	98.47061038017273	99.3-72.2	98.4-58.8	(74.04256463050842,)	(72.15433120727539,)	76.03228688240051
26	0.03671191170444641	78.72195243835449	98.47917556762695	99.3-72.4	98.4-59.0	(74.21285510063171,)	(72.38637208938599,)	76.13388895988464
27	0.03659072237107867	78.76217365264893	98.48212003707886	99.3-72.5	98.4-59.1	(74.27412271499634,)	(72.47704863548279,)	76.16258263587952
28	0.0363842641572838	78.83322238922119	98.48827123641968	99.3-72.6	98.5-59.2	(74.38140511512756,)	(72.5970208644867,)	76.25572085380554
29	0.036300128091640016	78.87279987335205	98.49168062210083	99.3-72.7	98.5-59.3	(74.44108724594116,)	(72.66106605529785,)	76.31051540374756
