1	0.22990937045963059	75.50721168518066	98.22961091995239	99.2-65.6	98.2-52.8	(69.12760138511658,)	(65.56137800216675,)	73.10411930084229
2	0.20740898865522758	77.47817039489746	98.3713686466217	99.2-70.3	98.3-56.6	(72.30266332626343,)	(70.31335234642029,)	74.40782189369202
3	0.19803646872934322	78.15680503845215	98.42227697372437	99.3-71.9	98.4-57.9	(73.35869073867798,)	(71.85785174369812,)	74.92355108261108
4	0.18879143159035341	78.86510491371155	98.47651720046997	99.3-73.4	98.4-59.3	(74.44146871566772,)	(73.38978052139282,)	75.5237340927124
5	0.1796160476409374	79.57174777984619	98.53131771087646	99.3-74.9	98.5-60.6	(75.50280094146729,)	(74.86500144004822,)	76.15156769752502
6	0.17055448109472346	80.33051490783691	98.5914409160614	99.3-76.4	98.6-62.1	(76.62155032157898,)	(76.36522054672241,)	76.87959671020508
7	0.1619169855603069	81.12810850143433	98.65502715110779	99.3-77.9	98.6-63.6	(77.77572274208069,)	(77.85239219665527,)	77.69920825958252
8	0.15303290569741	81.97143077850342	98.72269630432129	99.3-79.3	98.7-65.3	(78.97239327430725,)	(79.33620810508728,)	78.61189842224121
9	0.14417780696486973	82.87520408630371	98.7963616847992	99.4-80.8	98.8-67.0	(80.22817969322205,)	(80.77723383903503,)	79.68652844429016
10	0.135692754230856	83.74760150909424	98.86658787727356	99.4-82.1	98.8-68.7	(81.41644597053528,)	(82.12435841560364,)	80.72065114974976
11	0.12633795732049377	84.74193215370178	98.94593358039856	99.4-83.6	98.9-70.6	(82.742840051651,)	(83.58693718910217,)	81.91561102867126
12	0.118591740547217	85.58876514434814	99.01313185691833	99.5-84.7	99.0-72.2	(83.8494598865509,)	(84.7400963306427,)	82.97735452651978
13	0.11133625034539117	86.38328313827515	99.07527565956116	99.5-85.8	99.1-73.7	(84.8694920539856,)	(85.78694462776184,)	83.97146463394165
14	0.10455825690183661	87.1331512928009	99.13322925567627	99.5-86.7	99.1-75.2	(85.81634759902954,)	(86.73125505447388,)	84.92053747177124
15	0.09846622972369569	87.80357837677002	99.18432235717773	99.5-87.6	99.2-76.4	(86.65023446083069,)	(87.56619691848755,)	85.75323820114136
16	0.0934258100660056	88.37442994117737	99.22739863395691	99.6-88.2	99.2-77.5	(87.35100626945496,)	(88.24543356895447,)	86.47451996803284
17	0.08835754937091117	88.9538049697876	99.2704451084137	99.6-88.9	99.3-78.7	(88.05383443832397,)	(88.93470764160156,)	87.19024062156677
18	0.08386847299073283	89.47340250015259	99.30883049964905	99.6-89.5	99.3-79.7	(88.67688179016113,)	(89.5268201828003,)	87.84293532371521
19	0.0796458425989203	89.95523452758789	99.34396147727966	99.6-90.1	99.3-80.6	(89.24875259399414,)	(90.07206559181213,)	88.44035267829895
20	0.07589951727577682	90.39118885993958	99.37551617622375	99.7-90.5	99.4-81.4	(89.76127505302429,)	(90.54656624794006,)	88.98947238922119
21	0.07239166240364371	90.80604910850525	99.40516948699951	99.7-91.0	99.4-82.2	(90.2448296546936,)	(91.00730419158936,)	89.49502110481262
22	0.06891134895350728	91.21537208557129	99.43430423736572	99.7-91.4	99.4-83.0	(90.71785807609558,)	(91.43779873847961,)	90.00917077064514
23	0.06562773160053524	91.60549640655518	99.461829662323	99.7-91.9	99.4-83.8	(91.16507768630981,)	(91.8529212474823,)	90.48745036125183
24	0.062331349340058184	92.00323224067688	99.48958158493042	99.7-92.3	99.5-84.5	(91.61744117736816,)	(92.26385354995728,)	90.98002910614014
25	0.059267142026865685	92.37383604049683	99.51533675193787	99.7-92.6	99.5-85.2	(92.0356273651123,)	(92.64540076255798,)	91.43382906913757
26	0.05642833379657995	92.72159337997437	99.53914880752563	99.7-93.0	99.5-85.9	(92.42532253265381,)	(93.00002455711365,)	91.85767769813538
27	0.05372513185767367	93.05566549301147	99.5619535446167	99.8-93.3	99.5-86.6	(92.7970826625824,)	(93.34049224853516,)	92.25996136665344
28	0.051346840939609874	93.34867000579834	99.58183169364929	99.8-93.6	99.6-87.1	(93.1210994720459,)	(93.62855553627014,)	92.61912107467651
29	0.04945630449348915	93.58683824539185	99.59783554077148	99.8-93.9	99.6-87.6	(93.38313937187195,)	(93.86778473854065,)	92.90347099304199
30	0.04810062557544634	93.75959634780884	99.60941672325134	99.8-94.0	99.6-87.9	(93.57242584228516,)	(94.0411388874054,)	93.1083619594574
