1	0.23527786385745328	74.86790418624878	98.18077683448792	99.2-64.1	98.1-51.6	(68.06605458259583,)	(64.13182020187378,)	72.51454591751099
2	0.21199736032870053	77.10615396499634	98.34504127502441	99.2-69.4	98.3-55.9	(71.71490788459778,)	(69.40041184425354,)	74.18909668922424
3	0.20426215179125418	77.7162492275238	98.39041829109192	99.3-70.8	98.4-57.1	(72.67414927482605,)	(70.79602479934692,)	74.65463876724243
4	0.19753485981372582	78.23035717010498	98.42967987060547	99.3-71.9	98.4-58.1	(73.47051501274109,)	(71.92562818527222,)	75.08323192596436
5	0.19010678885165178	78.76110076904297	98.46990704536438	99.3-73.1	98.4-59.1	(74.28252100944519,)	(73.094642162323,)	75.50963759422302
6	0.1830727897586837	79.30984497070312	98.51147532463074	99.3-74.3	98.5-60.1	(75.11116862297058,)	(74.29667115211487,)	75.94372630119324
7	0.1763797615392701	79.85488772392273	98.55360388755798	99.3-75.4	98.5-61.2	(75.92275738716125,)	(75.43450593948364,)	76.41738057136536
8	0.16929449485848777	80.48393726348877	98.60314726829529	99.3-76.7	98.6-62.4	(76.8456757068634,)	(76.66998505592346,)	77.02217698097229
9	0.16141073893832436	81.20107650756836	98.65978956222534	99.3-78.0	98.6-63.8	(77.88105607032776,)	(78.0444860458374,)	77.71830558776855
10	0.15343989289551013	81.96336627006531	98.72176051139832	99.3-79.3	98.7-65.2	(78.96129488945007,)	(79.34783697128296,)	78.5784900188446
11	0.1463362565815823	82.67140984535217	98.77902865409851	99.3-80.5	98.7-66.6	(79.94784116744995,)	(80.51652312278748,)	79.38713431358337
12	0.13943218435109841	83.38421583175659	98.83652925491333	99.4-81.6	98.8-68.0	(80.92498183250427,)	(81.63595795631409,)	80.22629022598267
13	0.13182556161450681	84.18678045272827	98.90121817588806	99.4-82.8	98.9-69.5	(82.00627565383911,)	(82.82171487808228,)	81.20673894882202
14	0.12435773664819172	84.9710762500763	98.963862657547	99.4-83.9	98.9-71.0	(83.04454684257507,)	(83.93841981887817,)	82.169508934021
15	0.11781392397007594	85.67396402359009	99.01953339576721	99.5-84.9	99.0-72.4	(83.95989537239075,)	(84.87901091575623,)	83.06047916412354
16	0.11162254726724112	86.35261058807373	99.07271265983582	99.5-85.8	99.0-73.7	(84.83057618141174,)	(85.76362133026123,)	83.91761183738708
17	0.10568215189254569	87.0059609413147	99.12323355674744	99.5-86.6	99.1-74.9	(85.65695285797119,)	(86.59899830818176,)	84.73517894744873
18	0.10068899191375066	87.56719827651978	99.1661787033081	99.5-87.3	99.1-76.0	(86.35771870613098,)	(87.29480504989624,)	85.44053435325623
19	0.09582405816343854	88.11144828796387	99.20748472213745	99.6-87.9	99.2-77.0	(87.02932000160217,)	(87.94764876365662,)	86.12996339797974
20	0.09156915250025013	88.59007358551025	99.24338459968567	99.6-88.5	99.2-78.0	(87.61366009712219,)	(88.51425051689148,)	86.73120737075806
21	0.08765480307237283	89.03970122337341	99.27696585655212	99.6-89.0	99.3-78.8	(88.15722465515137,)	(89.02202844619751,)	87.30905652046204
22	0.08400095472261022	89.45380449295044	99.30742979049683	99.6-89.5	99.3-79.6	(88.65347504615784,)	(89.49655294418335,)	87.82613277435303
23	0.08047861226397181	89.85958099365234	99.33704137802124	99.6-90.0	99.3-80.4	(89.13565278053284,)	(89.95539546012878,)	88.33072185516357
24	0.07704606247617259	90.25928974151611	99.36602711677551	99.6-90.4	99.3-81.2	(89.60667848587036,)	(90.39770364761353,)	88.82937431335449
25	0.07379078935065378	90.63560962677002	99.39315915107727	99.7-90.8	99.4-81.9	(90.04655480384827,)	(90.80557823181152,)	89.30011987686157
26	0.07079096872006295	90.99162817001343	99.41850900650024	99.7-91.2	99.4-82.6	(90.45971632003784,)	(91.18622541427612,)	89.7446870803833
27	0.06798822633503515	91.32716655731201	99.44229125976562	99.7-91.5	99.4-83.2	(90.84632992744446,)	(91.54408574104309,)	90.1591420173645
28	0.0654371525126486	91.63135290145874	99.46367740631104	99.7-91.9	99.4-83.8	(91.19457006454468,)	(91.86601638793945,)	90.53285717964172
29	0.06326031504517945	91.89198017120361	99.48192238807678	99.7-92.1	99.5-84.3	(91.4912223815918,)	(92.13095903396606,)	90.86030721664429
30	0.061551747597149514	92.09707975387573	99.49618577957153	99.7-92.3	99.5-84.7	(91.72358512878418,)	(92.34529137611389,)	91.11019968986511
