1	0.23000602598775224	75.43447017669678	98.2208788394928	99.2-65.5	98.2-52.7	(69.01051998138428,)	(65.52624702453613,)	72.88615107536316
2	0.20732428554172044	77.48916149139404	98.37210178375244	99.2-70.3	98.3-56.6	(72.31999635696411,)	(70.3432559967041,)	74.41104054450989
3	0.1973345207256737	78.20573449134827	98.4270453453064	99.3-71.9	98.4-58.0	(73.43325018882751,)	(71.91280722618103,)	75.019371509552
4	0.18807351198683073	78.88673543930054	98.47881197929382	99.3-73.4	98.4-59.3	(74.47372078895569,)	(73.4017550945282,)	75.57746171951294
5	0.17984376106104177	79.54337000846863	98.52992296218872	99.3-74.8	98.5-60.6	(75.45987963676453,)	(74.76496696472168,)	76.16782784461975
6	0.1710253165895689	80.29055595397949	98.58881831169128	99.3-76.2	98.6-62.0	(76.56271457672119,)	(76.24218463897705,)	76.88595056533813
7	0.16208673133505827	81.10095262527466	98.6531138420105	99.3-77.8	98.6-63.6	(77.73658633232117,)	(77.78182029724121,)	77.69139409065247
8	0.1529195606186794	81.98313117027283	98.72432351112366	99.3-79.3	98.7-65.3	(78.98829579353333,)	(79.3319582939148,)	78.64760160446167
9	0.1442944037188888	82.85506963729858	98.79476428031921	99.4-80.7	98.8-66.9	(80.20044565200806,)	(80.74273467063904,)	79.66539263725281
10	0.13519494340941549	83.7999939918518	98.87089133262634	99.4-82.2	98.8-68.8	(81.48700594902039,)	(82.19554424285889,)	80.79057931900024
11	0.12641039208844257	84.73777770996094	98.94598722457886	99.4-83.5	98.9-70.6	(82.73705840110779,)	(83.54722857475281,)	81.94246292114258
12	0.1188328167263488	85.56339740753174	99.01143312454224	99.5-84.7	99.0-72.1	(83.816397190094,)	(84.68099236488342,)	82.96927809715271
13	0.11139969522803926	86.36835813522339	99.0740418434143	99.5-85.8	99.0-73.7	(84.85054969787598,)	(85.77364683151245,)	83.9471161365509
14	0.10447432627842665	87.13610172271729	99.13346767425537	99.5-86.7	99.1-75.2	(85.82002520561218,)	(86.73709630966187,)	84.9221408367157
15	0.09871486160353651	87.78092861175537	99.1825819015503	99.5-87.5	99.2-76.4	(86.62226796150208,)	(87.53726482391357,)	85.72619557380676
16	0.09328865130562083	88.38135004043579	99.22803044319153	99.6-88.3	99.2-77.6	(87.3593807220459,)	(88.25311660766602,)	86.48355603218079
17	0.08851662613943229	88.9377772808075	99.26936030387878	99.6-88.9	99.2-78.6	(88.0344569683075,)	(88.91034126281738,)	87.17566132545471
18	0.08411426488214148	89.44026231765747	99.30634498596191	99.6-89.5	99.3-79.6	(88.63736987113953,)	(89.49046730995178,)	87.80039548873901
19	0.07991694663492369	89.92812037467957	99.34200644493103	99.6-90.0	99.3-80.5	(89.21670913696289,)	(90.0364875793457,)	88.41171860694885
20	0.07605163218196859	90.37479162216187	99.3743360042572	99.7-90.5	99.4-81.4	(89.74207639694214,)	(90.53036570549011,)	88.96738290786743
21	0.07250565485231199	90.79339504241943	99.40436482429504	99.7-91.0	99.4-82.2	(90.23007154464722,)	(90.98598957061768,)	89.48661088943481
22	0.06909940862972397	91.19397401809692	99.43280220031738	99.7-91.4	99.4-83.0	(90.69321751594543,)	(91.41474962234497,)	89.98299837112427
23	0.06575593652179092	91.59359931945801	99.46094155311584	99.7-91.8	99.4-83.7	(91.15152359008789,)	(91.84064865112305,)	90.47266244888306
24	0.06254263186640797	91.97933673858643	99.48792457580566	99.7-92.2	99.5-84.5	(91.59035682678223,)	(92.23963618278503,)	90.95014333724976
25	0.05941135009420293	92.36115217208862	99.51435327529907	99.7-92.6	99.5-85.2	(92.02143549919128,)	(92.6386296749115,)	91.4124071598053
26	0.05653269383132803	92.7108645439148	99.53845739364624	99.7-93.0	99.5-85.9	(92.41331815719604,)	(92.99343824386597,)	91.84038043022156
27	0.053815343992032603	93.04724335670471	99.56138134002686	99.8-93.3	99.5-86.5	(92.78774857521057,)	(93.33125352859497,)	92.25053191184998
28	0.05145671663320691	93.33951473236084	99.58115816116333	99.8-93.6	99.6-87.1	(93.11104416847229,)	(93.62866878509521,)	92.59911179542542
29	0.04956517266052615	93.57549548149109	99.5970606803894	99.8-93.9	99.6-87.6	(93.37069392204285,)	(93.86020302772522,)	92.88626313209534
30	0.04822097814838892	93.74760389328003	99.6086061000824	99.8-94.0	99.6-87.9	(93.55930685997009,)	(94.0315842628479,)	93.0917501449585
