1	0.06364014942927244	54.092609882354736	98.41605424880981	99.8-10.8	98.4-9.8	(17.804011702537537,)	(10.846338421106339,)	49.659305810928345
2	0.044023279972458466	63.708168268203735	98.73958826065063	99.8-32.1	98.7-28.7	(44.57952380180359,)	(32.05180466175079,)	73.18417429924011
3	0.0407324094703435	65.97900390625	98.80601167678833	99.8-37.5	98.8-33.2	(49.80376660823822,)	(37.451305985450745,)	74.31482672691345
4	0.03882243785713064	67.16079115867615	98.84567856788635	99.8-40.1	98.8-35.5	(52.380311489105225,)	(40.14047384262085,)	75.35921931266785
5	0.03745308803361759	68.05024147033691	98.87533187866211	99.8-42.2	98.9-37.2	(54.262155294418335,)	(42.18113124370575,)	76.04088187217712
6	0.036459845380698866	68.7247633934021	98.89866709709167	99.8-43.7	98.9-38.6	(55.656665563583374,)	(43.69986355304718,)	76.62110328674316
7	0.035672272609448746	69.25288438796997	98.91756176948547	99.8-44.9	98.9-39.6	(56.72937035560608,)	(44.86339092254639,)	77.1294355392456
8	0.03500134131864161	69.69597339630127	98.93351197242737	99.8-45.8	98.9-40.5	(57.617026567459106,)	(45.83444595336914,)	77.55359411239624
9	0.03443815360548334	70.04055976867676	98.9450991153717	99.8-46.6	98.9-41.1	(58.30060839653015,)	(46.62625789642334,)	77.77369022369385
10	0.03369357246861217	70.54458260536194	98.96234273910522	99.8-47.8	99.0-42.1	(59.28844213485718,)	(47.772860527038574,)	78.118896484375
11	0.03356403173460978	70.5428957939148	98.96091222763062	99.8-47.8	99.0-42.1	(59.28652882575989,)	(47.83487021923065,)	77.94703841209412
12	0.03291462862871139	70.96493244171143	98.97668957710266	99.8-48.7	99.0-43.0	(60.10181903839111,)	(48.73229265213013,)	78.39087247848511
13	0.032635480105844245	71.21521234512329	98.98526668548584	99.8-49.3	99.0-43.5	(60.581642389297485,)	(49.302273988723755,)	78.55299711227417
14	0.03233661404845858	71.36731147766113	98.98882508277893	99.8-49.7	99.0-43.8	(60.87326407432556,)	(49.73427951335907,)	78.44189405441284
15	0.031875792316704954	71.64557576179504	98.99902939796448	99.8-50.3	99.0-44.3	(61.400020122528076,)	(50.33571720123291,)	78.69881987571716
16	0.03151495986919206	71.86524868011475	99.00591969490051	99.8-50.9	99.0-44.7	(61.81418299674988,)	(50.87271332740784,)	78.75174880027771
17	0.031133881934164536	72.13643193244934	99.01489615440369	99.8-51.5	99.0-45.3	(62.32159733772278,)	(51.5112578868866,)	78.87447476387024
18	0.030946165363871514	72.2023069858551	99.0160346031189	99.8-51.7	99.0-45.4	(62.44529485702515,)	(51.72345042228699,)	78.77461314201355
19	0.03102569869430012	72.1900463104248	99.01610016822815	99.8-51.7	99.0-45.4	(62.42201328277588,)	(51.66898965835571,)	78.82700562477112
20	0.030612520735365405	72.42147326469421	99.02350306510925	99.8-52.2	99.0-45.8	(62.85173296928406,)	(52.230650186538696,)	78.8949966430664
21	0.030231815824789326	72.69373536109924	99.0321159362793	99.8-52.9	99.0-46.4	(63.353925943374634,)	(52.89856195449829,)	78.96039485931396
22	0.030109598167604747	72.78226017951965	99.03513789176941	99.8-53.1	99.0-46.5	(63.516223430633545,)	(53.103435039520264,)	79.00862097740173
23	0.029796316064450712	72.93062210083008	99.03954267501831	99.8-53.5	99.0-46.8	(63.78795504570007,)	(53.48585247993469,)	79.00548577308655
24	0.029556642725706603	73.10304045677185	99.0450382232666	99.8-53.9	99.0-47.2	(64.10205364227295,)	(53.90946865081787,)	79.04742360115051
25	0.029324303083775337	73.25676679611206	99.0498423576355	99.8-54.3	99.0-47.5	(64.38096761703491,)	(54.2932391166687,)	79.07273769378662
26	0.029125046969232685	73.36053848266602	99.0529477596283	99.8-54.6	99.0-47.7	(64.56871628761292,)	(54.56111431121826,)	79.07213568687439
27	0.028961236490039413	73.43711853027344	99.05529022216797	99.8-54.8	99.0-47.8	(64.70691561698914,)	(54.75630164146423,)	79.07726764678955
28	0.02880809927349887	73.5447645187378	99.05861020088196	99.8-55.0	99.1-48.0	(64.90064263343811,)	(55.029696226119995,)	79.086834192276
29	0.02863674286827632	73.63929152488708	99.06141757965088	99.8-55.3	99.1-48.2	(65.07039666175842,)	(55.27609586715698,)	79.08300757408142
30	0.028535621161374234	73.70075583457947	99.0632176399231	99.8-55.4	99.1-48.3	(65.18057584762573,)	(55.43837547302246,)	79.07675504684448
