1	0.23039384720114187	75.45225620269775	98.22472333908081	99.2-65.5	98.2-52.7	(69.0376341342926,)	(65.4705286026001,)	73.01585078239441
2	0.20774500302044485	77.44035720825195	98.36888909339905	99.2-70.2	98.3-56.5	(72.24301099777222,)	(70.2147901058197,)	74.39189553260803
3	0.19754370059686097	78.13699245452881	98.4204351902008	99.2-71.8	98.4-57.9	(73.32841157913208,)	(71.8199372291565,)	74.90159869194031
4	0.1886339204617358	78.79509329795837	98.47133159637451	99.3-73.2	98.4-59.2	(74.33512210845947,)	(73.2265055179596,)	75.4778265953064
5	0.18003627858067703	79.47591543197632	98.5242247581482	99.3-74.6	98.5-60.5	(75.35966634750366,)	(74.6490478515625,)	76.08392834663391
6	0.1717149133272877	80.17133474349976	98.57823252677917	99.3-76.1	98.5-61.8	(76.38901472091675,)	(76.07346177101135,)	76.70720219612122
7	0.16230887565366006	81.04487657546997	98.64786267280579	99.3-77.7	98.6-63.5	(77.65670418739319,)	(77.72339582443237,)	77.59013175964355
8	0.1551097773017898	81.74715042114258	98.70445132255554	99.3-79.0	98.7-64.8	(78.65663170814514,)	(78.9625346660614,)	78.35308313369751
9	0.14602353491239292	82.66083002090454	98.77896904945374	99.4-80.4	98.7-66.6	(79.93261814117432,)	(80.43866753578186,)	79.43289875984192
10	0.13651032672255886	83.64191055297852	98.85795712471008	99.4-82.0	98.8-68.5	(81.27384781837463,)	(81.97858929634094,)	80.58112263679504
11	0.12766452189217065	84.59199666976929	98.93408417701721	99.4-83.4	98.9-70.3	(82.54465460777283,)	(83.36536288261414,)	81.73993825912476
12	0.1198192470085118	85.44301986694336	99.00185465812683	99.5-84.5	99.0-71.9	(83.6603045463562,)	(84.52091217041016,)	82.81705379486084
13	0.11247632562747155	86.24508380889893	99.06497001647949	99.5-85.6	99.0-73.5	(84.69300866127014,)	(85.57277917861938,)	83.83113741874695
14	0.1055800242479039	87.00487017631531	99.1235077381134	99.5-86.6	99.1-74.9	(85.65532565116882,)	(86.56229972839355,)	84.76716876029968
15	0.09920386753434222	87.71045804023743	99.1773784160614	99.5-87.4	99.2-76.3	(86.53504848480225,)	(87.43895292282104,)	85.64963340759277
16	0.09386762282142448	88.31683397293091	99.22310709953308	99.6-88.2	99.2-77.4	(87.28066086769104,)	(88.1647527217865,)	86.41412258148193
17	0.08874762208391093	88.90535831451416	99.26708340644836	99.6-88.9	99.2-78.6	(87.99524903297424,)	(88.8535737991333,)	87.15335130691528
18	0.0853754867540513	89.28972482681274	99.29562211036682	99.6-89.3	99.3-79.3	(88.457190990448,)	(89.27874565124512,)	87.65062093734741
19	0.08038599918976051	89.86574411392212	99.33764338493347	99.6-90.0	99.3-80.4	(89.14284706115723,)	(89.95022177696228,)	88.34984302520752
20	0.07645016112253886	90.32562375068665	99.37090277671814	99.6-90.5	99.4-81.3	(89.68440890312195,)	(90.46195149421692,)	88.92012238502502
21	0.07279927549084333	90.75301885604858	99.40155744552612	99.7-90.9	99.4-82.1	(90.1831328868866,)	(90.92733860015869,)	89.45102095603943
22	0.06928636880078175	91.17298126220703	99.4313657283783	99.7-91.4	99.4-82.9	(90.6690239906311,)	(91.38387441635132,)	89.96526598930359
23	0.06598283803130632	91.56473875045776	99.45896863937378	99.7-91.8	99.4-83.7	(91.11851453781128,)	(91.79906249046326,)	90.44798016548157
24	0.06268376528755602	91.96298122406006	99.48680996894836	99.7-92.2	99.5-84.5	(91.5718138217926,)	(92.21513271331787,)	90.93741178512573
25	0.05952437423440674	92.34352111816406	99.51320290565491	99.7-92.6	99.5-85.2	(92.00156331062317,)	(92.60714650154114,)	91.40384793281555
26	0.05660650105901058	92.69901514053345	99.53762888908386	99.7-93.0	99.5-85.9	(92.40009784698486,)	(92.97418594360352,)	91.83306097984314
27	0.05389040202161457	93.03137063980103	99.56032037734985	99.8-93.3	99.5-86.5	(92.77012348175049,)	(93.30790638923645,)	92.2385036945343
28	0.051549765882720956	93.3232307434082	99.5800793170929	99.8-93.6	99.6-87.1	(93.09305548667908,)	(93.60365271568298,)	92.58800148963928
29	0.049638141379604706	93.5646653175354	99.59635138511658	99.8-93.8	99.6-87.5	(93.35879683494568,)	(93.84491443634033,)	92.87769198417664
30	0.04824814727725983	93.74192953109741	99.60823655128479	99.8-94.0	99.6-87.9	(93.55309009552002,)	(94.01994943618774,)	93.09085011482239
