1	0.2578591518595824	73.13393354415894	98.08071851730347	99.3-59.1	98.0-48.2	(65.06733298301697,)	(59.126269817352295,)	72.33570218086243
2	0.22773718636504542	75.94436407089233	98.27067852020264	99.3-66.2	98.2-53.7	(69.8368787765503,)	(66.2199854850769,)	73.87170791625977
3	0.21843144274571596	76.72485113143921	98.32527041435242	99.3-68.1	98.3-55.2	(71.10052108764648,)	(68.14834475517273,)	74.3200421333313
4	0.21827608088591524	76.74635648727417	98.32913875579834	99.3-68.1	98.3-55.2	(71.13293409347534,)	(68.09701919555664,)	74.45217967033386
5	0.21089966791452264	77.32323408126831	98.3677089214325	99.3-69.6	98.3-56.3	(72.05227017402649,)	(69.59700584411621,)	74.68711733818054
6	0.20594168517796152	77.69787311553955	98.39580655097961	99.3-70.4	98.4-57.0	(72.63973951339722,)	(70.44799327850342,)	74.97223615646362
7	0.2016702203130432	78.03147435188293	98.41986894607544	99.3-71.2	98.4-57.7	(73.1590986251831,)	(71.23234868049622,)	75.1929759979248
8	0.20151926183812824	78.04055213928223	98.42144250869751	99.3-71.2	98.4-57.7	(73.17240238189697,)	(71.20973467826843,)	75.24633407592773
9	0.19881784572959887	78.2627820968628	98.43888282775879	99.3-71.7	98.4-58.1	(73.51478338241577,)	(71.67750000953674,)	75.44873356819153
10	0.19347370725607227	78.65452766418457	98.46695065498352	99.3-72.6	98.4-58.9	(74.11605715751648,)	(72.60083556175232,)	75.69586634635925
11	0.18980889467142298	78.93583178520203	98.48961234092712	99.3-73.1	98.5-59.4	(74.54224228858948,)	(73.14276099205017,)	75.99632143974304
12	0.18361794754457395	79.39592599868774	98.52336645126343	99.3-74.2	98.5-60.3	(75.23577809333801,)	(74.1951584815979,)	76.30599737167358
13	0.17841253579394498	79.78445291519165	98.55257272720337	99.3-75.0	98.5-61.0	(75.81491470336914,)	(75.04335641860962,)	76.60250067710876
14	0.1717198126141584	80.36034107208252	98.5962986946106	99.3-76.3	98.6-62.2	(76.66311860084534,)	(76.26494765281677,)	77.06546783447266
15	0.16594702999796587	80.85929751396179	98.63520860671997	99.3-77.3	98.6-63.1	(77.3878812789917,)	(77.25096344947815,)	77.52528190612793
16	0.1589601214397015	81.51261806488037	98.68712425231934	99.3-78.5	98.7-64.4	(78.32328677177429,)	(78.45449447631836,)	78.19252014160156
17	0.15520567891799053	81.89634084701538	98.71887564659119	99.3-79.1	98.7-65.1	(78.86508703231812,)	(79.06113862991333,)	78.67000102996826
18	0.14640605189589842	82.72318840026855	98.78456592559814	99.4-80.5	98.8-66.7	(80.01832962036133,)	(80.49708604812622,)	79.54524159431458
19	0.13956710561289568	83.43147039413452	98.84185194969177	99.4-81.6	98.8-68.1	(80.98808526992798,)	(81.59510493278503,)	80.39003014564514
20	0.13144651777425834	84.25461053848267	98.90785217285156	99.4-82.8	98.9-69.6	(82.09593892097473,)	(82.82240033149719,)	81.38210773468018
21	0.1251462974093245	84.91885662078857	98.96098971366882	99.4-83.8	98.9-70.9	(82.97504782676697,)	(83.75347852706909,)	82.21094608306885
22	0.11720585265285015	85.75912714004517	99.02696013450623	99.5-84.9	99.0-72.5	(84.0693712234497,)	(84.93145704269409,)	83.22461247444153
23	0.11028672077321836	86.51150465011597	99.0854263305664	99.5-85.9	99.1-74.0	(85.03233790397644,)	(85.93252301216125,)	84.15082693099976
24	0.10406846145236312	87.19561696052551	99.13817644119263	99.5-86.8	99.1-75.3	(85.89442372322083,)	(86.80099248886108,)	85.00660061836243
25	0.09793125329322092	87.88284063339233	99.19036626815796	99.5-87.7	99.2-76.6	(86.74803376197815,)	(87.65501976013184,)	85.859614610672
26	0.0922717937521387	88.5229229927063	99.23847317695618	99.6-88.4	99.2-77.8	(87.53195405006409,)	(88.4239912033081,)	86.65773868560791
27	0.08683348767320263	89.14703130722046	99.28471446037292	99.6-89.2	99.3-79.0	(88.28636407852173,)	(89.16572332382202,)	87.42417097091675
28	0.08200249748564753	89.70600366592407	99.32580590248108	99.6-89.8	99.3-80.1	(88.95367980003357,)	(89.79635238647461,)	88.12667727470398
29	0.07778628008018552	90.19830822944641	99.36156272888184	99.6-90.3	99.3-81.1	(89.53510522842407,)	(90.34085869789124,)	88.74359130859375
30	0.074632634092734	90.575110912323	99.38863515853882	99.7-90.8	99.4-81.8	(89.97619152069092,)	(90.75908660888672,)	89.20668363571167
