1	0.23081679012463294	75.30748844146729	98.21932315826416	99.3-64.9	98.2-52.4	(68.79335641860962,)	(64.92561101913452,)	73.1511116027832
2	0.20795114931074155	77.39431858062744	98.36612939834595	99.2-70.1	98.3-56.5	(72.17006087303162,)	(70.07468342781067,)	74.39460158348083
3	0.1978998721594618	78.16476821899414	98.4235942363739	99.3-71.8	98.4-57.9	(73.37037324905396,)	(71.8359112739563,)	74.9718189239502
4	0.18924447357731333	78.82214188575745	98.47373366355896	99.3-73.3	98.4-59.2	(74.3759036064148,)	(73.26744794845581,)	75.51841139793396
5	0.1800607407779816	79.54052686691284	98.52941036224365	99.3-74.8	98.5-60.6	(75.45587420463562,)	(74.77145195007324,)	76.1529266834259
6	0.17046738182136362	80.35611510276794	98.59331250190735	99.3-76.4	98.6-62.2	(76.65906548500061,)	(76.40834450721741,)	76.91144347190857
7	0.16338435631228584	81.01727962493896	98.64661693572998	99.3-77.6	98.6-63.4	(77.61631608009338,)	(77.6127815246582,)	77.61984467506409
8	0.15298653743004922	81.9868803024292	98.72477054595947	99.3-79.3	98.7-65.3	(78.99345755577087,)	(79.30889129638672,)	78.6805272102356
9	0.1440208527695505	82.88457989692688	98.79735708236694	99.4-80.8	98.8-67.0	(80.24089336395264,)	(80.78144192695618,)	79.70752716064453
10	0.1344677204276985	83.87582302093506	98.87707829475403	99.4-82.3	98.8-68.9	(81.58898949623108,)	(82.29714035987854,)	80.89292645454407
11	0.1254743702118378	84.83983874320984	98.95423650741577	99.4-83.7	98.9-70.8	(82.87146091461182,)	(83.68010520935059,)	82.07830786705017
12	0.11776331212330808	85.6740653514862	99.02026057243347	99.5-84.8	99.0-72.4	(83.95951986312866,)	(84.8128080368042,)	83.12323093414307
13	0.11054080003016153	86.46169304847717	99.08185601234436	99.5-85.8	99.1-73.9	(84.96887683868408,)	(85.83577275276184,)	84.119313955307
14	0.10414931321479452	87.16827034950256	99.13626313209534	99.5-86.7	99.1-75.2	(85.86007356643677,)	(86.74360513687134,)	84.99436974525452
15	0.09803203385771857	87.85184025764465	99.1883397102356	99.6-87.6	99.2-76.5	(86.70957088470459,)	(87.58043646812439,)	85.85585951805115
16	0.09274574875902368	88.44424486160278	99.23288226127625	99.6-88.3	99.2-77.7	(87.43597269058228,)	(88.29296231269836,)	86.5954577922821
17	0.08790374013996477	89.00068998336792	99.27427768707275	99.6-88.9	99.3-78.7	(88.11009526252747,)	(88.94643187522888,)	87.28935718536377
18	0.0835429044246688	89.50096368789673	99.31107759475708	99.6-89.5	99.3-79.7	(88.70958685874939,)	(89.5256519317627,)	87.90826797485352
19	0.07957959566739102	89.95643854141235	99.34435486793518	99.6-90.0	99.3-80.6	(89.24998641014099,)	(90.03806710243225,)	88.4755790233612
20	0.07599262363011712	90.37479162216187	99.37451481819153	99.7-90.5	99.4-81.4	(89.74196314811707,)	(90.4998779296875,)	88.99663090705872
21	0.07231384172108497	90.80549478530884	99.40535426139832	99.7-91.0	99.4-82.2	(90.24404287338257,)	(90.97111225128174,)	89.52849507331848
22	0.06881917619817463	91.22074842453003	99.43491816520691	99.7-91.4	99.4-83.0	(90.7239019870758,)	(91.41809940338135,)	90.0401771068573
23	0.06555343028403823	91.61156415939331	99.46237206459045	99.7-91.8	99.4-83.8	(91.17193222045898,)	(91.83077812194824,)	90.52246809005737
24	0.062305250372413815	92.00111627578735	99.48961734771729	99.7-92.2	99.5-84.5	(91.61491990089417,)	(92.23978519439697,)	90.99846482276917
25	0.05932766125994421	92.36112833023071	99.51446056365967	99.7-92.6	99.5-85.2	(92.02132821083069,)	(92.61454939842224,)	91.43567085266113
26	0.05656929230944152	92.69693493843079	99.53763484954834	99.7-93.0	99.5-85.9	(92.39769577980042,)	(92.95666217803955,)	91.84540510177612
27	0.053816537151031595	93.03853511810303	99.56084489822388	99.8-93.3	99.5-86.5	(92.77805685997009,)	(93.30350160598755,)	92.25848913192749
28	0.05143167636419016	93.33435297012329	99.58091974258423	99.8-93.6	99.6-87.1	(93.10528635978699,)	(93.60174536705017,)	92.61407852172852
29	0.04952527669300994	93.57433319091797	99.59707856178284	99.8-93.8	99.6-87.6	(93.36935877799988,)	(93.84622573852539,)	92.89731979370117
30	0.048262090106699816	93.73411536216736	99.60775375366211	99.8-94.0	99.6-87.9	(93.54451894760132,)	(94.00230646133423,)	93.0911660194397
