1	0.25308829604744604	73.44547510147095	98.09600114822388	99.3-60.1	98.1-48.8	(65.61865210533142,)	(60.09937524795532,)	72.25418090820312
2	0.22521058819271716	76.12334489822388	98.28307628631592	99.3-66.7	98.2-54.0	(70.12894749641418,)	(66.66541695594788,)	73.972088098526
3	0.21581163941549722	76.89492702484131	98.33580255508423	99.3-68.6	98.3-55.5	(71.37379050254822,)	(68.62528920173645,)	74.35163259506226
4	0.21300374063095276	77.1260142326355	98.35348725318909	99.3-69.1	98.3-55.9	(71.74034118652344,)	(69.12916302680969,)	74.55652952194214
5	0.20785484551371142	77.5305688381195	98.38280081748962	99.3-70.1	98.3-56.7	(72.37844467163086,)	(70.0873851776123,)	74.82433915138245
6	0.20252686189829402	77.93030142784119	98.41150641441345	99.3-71.0	98.4-57.5	(73.00294637680054,)	(71.04169130325317,)	75.07556676864624
7	0.19796642804121345	78.26209664344788	98.4370231628418	99.3-71.8	98.4-58.1	(73.51524233818054,)	(71.75601124763489,)	75.36289691925049
8	0.1953463523768018	78.44593524932861	98.4508216381073	99.3-72.2	98.4-58.5	(73.79759550094604,)	(72.1631407737732,)	75.50780177116394
9	0.1996673721555052	78.11686396598816	98.42920899391174	99.3-71.3	98.4-57.8	(73.28870296478271,)	(71.28432393074036,)	75.4090666770935
10	0.19321763817237717	78.60668897628784	98.46575260162354	99.3-72.4	98.4-58.8	(74.04110431671143,)	(72.37939238548279,)	75.78091025352478
11	0.1900064318434258	78.8394570350647	98.48324656486511	99.3-72.9	98.4-59.2	(74.39540028572083,)	(72.8864073753357,)	75.96819996833801
12	0.18485870580527755	79.21110391616821	98.5106348991394	99.3-73.7	98.5-59.9	(74.95744824409485,)	(73.72764945030212,)	76.22895836830139
13	0.17792272687987384	79.72579002380371	98.54864478111267	99.3-74.9	98.5-60.9	(75.7274329662323,)	(74.89023804664612,)	76.58355832099915
14	0.17398239260614973	80.06921410560608	98.57507348060608	99.3-75.6	98.5-61.6	(76.2350857257843,)	(75.5997896194458,)	76.8811583518982
15	0.16791215888959166	80.59630393981934	98.61525893211365	99.3-76.7	98.6-62.6	(77.00649499893188,)	(76.70201063156128,)	77.31341123580933
16	0.1618966202246216	81.1259388923645	98.6564040184021	99.3-77.7	98.6-63.6	(77.77140140533447,)	(77.74888873100281,)	77.79392600059509
17	0.15768150228069086	81.53663873672485	98.68945479393005	99.3-78.5	98.7-64.4	(78.35710644721985,)	(78.47189903259277,)	78.24264764785767
18	0.14981756817204045	82.2985291481018	98.75012040138245	99.3-79.8	98.7-65.9	(79.42933440208435,)	(79.81917262077332,)	79.04329299926758
19	0.1431087533906174	82.97153115272522	98.80399107933044	99.4-80.9	98.8-67.2	(80.36064505577087,)	(80.94084858894348,)	79.78870272636414
20	0.13643386502464164	83.66022109985352	98.85951280593872	99.4-82.0	98.8-68.5	(81.29854798316956,)	(81.99975490570068,)	80.60922622680664
21	0.12906000540811863	84.44181680679321	98.92198443412781	99.4-83.2	98.9-70.0	(82.34564661979675,)	(83.16008448600769,)	81.5470039844513
22	0.12204297347604767	85.20519137382507	98.98260235786438	99.4-84.2	99.0-71.5	(83.35089683532715,)	(84.23886895179749,)	82.481449842453
23	0.11518848974183346	85.9487771987915	99.04119372367859	99.5-85.2	99.0-72.9	(84.31398272514343,)	(85.24134159088135,)	83.40657353401184
24	0.10854757996485913	86.68160438537598	99.098140001297	99.5-86.2	99.1-74.3	(85.24818420410156,)	(86.19751930236816,)	84.3195378780365
25	0.1020261079884936	87.40845918655396	99.15395975112915	99.5-87.1	99.1-75.7	(86.16042733192444,)	(87.11102604866028,)	85.23036241531372
26	0.09606635635892614	88.08274269104004	99.20509457588196	99.6-87.9	99.2-77.0	(86.99422478675842,)	(87.93623447418213,)	86.07218265533447
27	0.09059218912165316	88.71065378189087	99.25217032432556	99.6-88.7	99.2-78.2	(87.7600908279419,)	(88.68052363395691,)	86.85856461524963
28	0.08545639014401679	89.29978013038635	99.29591417312622	99.6-89.4	99.3-79.3	(88.46952319145203,)	(89.35582041740417,)	87.60064244270325
29	0.08096244819018526	89.82487916946411	99.33437705039978	99.6-89.9	99.3-80.3	(89.09467458724976,)	(89.94272947311401,)	88.2624626159668
30	0.07745260173540038	90.24010300636292	99.36447739601135	99.6-90.4	99.3-81.1	(89.58425521850586,)	(90.4022216796875,)	88.78095149993896
