1	0.23192364338806998	75.37699937820435	98.22018146514893	99.2-65.3	98.2-52.6	(68.9123272895813,)	(65.2513861656189,)	73.0084776878357
2	0.21000334384676647	77.30706930160522	98.35953116416931	99.2-69.9	98.3-56.3	(72.03276753425598,)	(69.88057494163513,)	74.32174682617188
3	0.20033177701277805	78.00583839416504	98.41167330741882	99.3-71.5	98.4-57.6	(73.12471270561218,)	(71.4747965335846,)	74.8525857925415
4	0.191564178398312	78.62921953201294	98.4584629535675	99.3-72.9	98.4-58.8	(74.08291697502136,)	(72.8761076927185,)	75.33037662506104
5	0.18391746247855315	79.18555736541748	98.50171208381653	99.3-74.0	98.5-59.9	(74.92473125457764,)	(74.0402340888977,)	75.83062052726746
6	0.17581176926655945	79.87076044082642	98.55521321296692	99.3-75.4	98.5-61.2	(75.94591975212097,)	(75.44376850128174,)	76.45480632781982
7	0.1676269314735792	80.56097030639648	98.60983490943909	99.3-76.8	98.6-62.5	(76.95726752281189,)	(76.79786086082458,)	77.11732983589172
8	0.1594505964497108	81.33034706115723	98.67146015167236	99.3-78.2	98.6-64.0	(78.06469202041626,)	(78.20947766304016,)	77.92044878005981
9	0.15165154628829847	82.10176229476929	98.73327612876892	99.3-79.6	98.7-65.5	(79.1551411151886,)	(79.55518364906311,)	78.75909805297852
10	0.14305703294735117	82.95878171920776	98.80262613296509	99.4-80.9	98.8-67.1	(80.34340739250183,)	(80.94561696052551,)	79.75009083747864
11	0.13428015105968433	83.88977646827698	98.87771606445312	99.4-82.4	98.8-68.9	(81.60811066627502,)	(82.36169815063477,)	80.86819648742676
12	0.12609312324847663	84.76282358169556	98.94762635231018	99.4-83.6	98.9-70.6	(82.7703595161438,)	(83.614581823349,)	81.94301128387451
13	0.1183188061864959	85.60900688171387	99.01466369628906	99.5-84.8	99.0-72.2	(83.87571573257446,)	(84.76763367652893,)	83.002370595932
14	0.11122935052141932	86.38812303543091	99.0757703781128	99.5-85.8	99.1-73.7	(84.87557172775269,)	(85.7846200466156,)	83.98559093475342
15	0.10512149553831142	87.05971837043762	99.12763237953186	99.5-86.6	99.1-75.0	(85.72424650192261,)	(86.63729429244995,)	84.83024835586548
16	0.09867710911195679	87.78433799743652	99.18294548988342	99.5-87.5	99.2-76.4	(86.62642240524292,)	(87.53811120986938,)	85.73352098464966
17	0.0934656937912476	88.36824893951416	99.22696948051453	99.6-88.2	99.2-77.5	(87.343430519104,)	(88.22911977767944,)	86.47535443305969
18	0.08865490162394897	88.9223039150238	99.26824569702148	99.6-88.9	99.2-78.6	(88.01577091217041,)	(88.89074325561523,)	87.15785145759583
19	0.0842018950963243	89.43216800689697	99.30585622787476	99.6-89.5	99.3-79.6	(88.62764239311218,)	(89.46799039840698,)	87.80293464660645
20	0.07995691219151634	89.92123603820801	99.34155344963074	99.6-90.0	99.3-80.5	(89.2085611820221,)	(90.02133011817932,)	88.41032981872559
21	0.07576444509399591	90.40347337722778	99.37641024589539	99.7-90.6	99.4-81.4	(89.77563977241516,)	(90.55835604667664,)	89.00633454322815
22	0.07214071157646856	90.83517789840698	99.40736293792725	99.7-91.0	99.4-82.3	(90.27854204177856,)	(91.02004766464233,)	89.54901099205017
23	0.06875869680132479	91.23415946960449	99.43574666976929	99.7-91.4	99.4-83.0	(90.73939919471741,)	(91.44760966300964,)	90.04208445549011
24	0.06542012597513981	91.63114428520203	99.46363568305969	99.7-91.9	99.4-83.8	(91.19434952735901,)	(91.86871647834778,)	90.52979946136475
25	0.062058784606754396	92.03565120697021	99.4918704032898	99.7-92.3	99.5-84.6	(91.65412187576294,)	(92.28973984718323,)	91.02720618247986
26	0.058944258021810844	92.4137830734253	99.51808452606201	99.7-92.7	99.5-85.3	(92.08052158355713,)	(92.67983436584473,)	91.48890972137451
27	0.05613765721053427	92.75580048561096	99.54153895378113	99.7-93.0	99.5-86.0	(92.46347546577454,)	(93.02762150764465,)	91.90611839294434
28	0.05366869849070106	93.06192398071289	99.56239461898804	99.8-93.3	99.5-86.6	(92.80401468276978,)	(93.33966374397278,)	92.2744870185852
29	0.051601357528063094	93.32044720649719	99.57991242408752	99.8-93.6	99.6-87.1	(93.08997988700867,)	(93.5975730419159,)	92.58787035942078
30	0.050103478068012096	93.50926876068115	99.59263801574707	99.8-93.8	99.6-87.4	(93.29792857170105,)	(93.78973245620728,)	92.81126260757446
