0	0.25367040475212754	73.51405024528503	98.10820817947388	99.3-60.0	98.1-49.0	(65.7311201095581,)	(60.014528036117554,)	72.65143394470215
1	0.2367177096178128	75.15102624893188	98.2229232788086	99.3-64.0	98.2-52.1	(68.51980686187744,)	(63.971924781799316,)	73.76381158828735
2	0.22973375389423203	75.7638931274414	98.26732277870178	99.3-65.4	98.2-53.3	(69.5329487323761,)	(65.40415287017822,)	74.21815395355225
3	0.22035209096833844	76.57526731491089	98.31876754760742	99.3-67.6	98.3-54.9	(70.85679769515991,)	(67.60655045509338,)	74.43533539772034
4	0.2145633350257778	77.02476978302002	98.3475923538208	99.3-68.8	98.3-55.7	(71.57841324806213,)	(68.82447600364685,)	74.56191778182983
5	0.21260151860987225	77.2090494632721	98.3629047870636	99.3-69.2	98.3-56.1	(71.86892628669739,)	(69.1809892654419,)	74.77418184280396
6	0.20770845362701898	77.60642766952515	98.39056730270386	99.3-70.2	98.4-56.9	(72.49546647071838,)	(70.16048431396484,)	74.99122023582458
7	0.20457484552316507	77.84491777420044	98.4078586101532	99.3-70.7	98.4-57.3	(72.86797165870667,)	(70.7210898399353,)	75.14927983283997
8	0.20262548992385115	77.981036901474	98.41834306716919	99.3-71.0	98.4-57.6	(73.07907938957214,)	(71.02203369140625,)	75.25882720947266
9	0.20025910346673445	78.17262411117554	98.43268990516663	99.3-71.4	98.4-57.9	(73.3753502368927,)	(71.43751978874207,)	75.42126178741455
10	0.1993565752044445	78.26422452926636	98.44154119491577	99.3-71.5	98.4-58.1	(73.51487874984741,)	(71.54332399368286,)	75.59816241264343
11	0.194849320873858	78.56813073158264	98.46277832984924	99.3-72.3	98.4-58.7	(73.98226857185364,)	(72.29295372962952,)	75.7524311542511
12	0.19596802040872194	78.49009037017822	98.45868945121765	99.3-72.0	98.4-58.6	(73.86143803596497,)	(72.0337986946106,)	75.78424215316772
13	0.19211438563229552	78.79027724266052	98.48169684410095	99.3-72.7	98.4-59.1	(74.31893944740295,)	(72.66947031021118,)	76.04503631591797
14	0.18729249462341388	79.15509939193726	98.50854277610779	99.3-73.5	98.5-59.8	(74.87138509750366,)	(73.49616885185242,)	76.2990415096283
15	0.18229801366279585	79.50257062911987	98.5347032546997	99.3-74.2	98.5-60.5	(75.39256811141968,)	(74.24830198287964,)	76.5726625919342
16	0.17839423695510806	79.80755567550659	98.5579252243042	99.3-74.9	98.5-61.1	(75.846266746521,)	(74.8903751373291,)	76.82687044143677
17	0.17452087947896083	80.08624911308289	98.57892990112305	99.3-75.5	98.5-61.6	(76.25810503959656,)	(75.4880428314209,)	77.04404592514038
18	0.1708876393826562	80.41892051696777	98.60497117042542	99.3-76.1	98.6-62.3	(76.74539685249329,)	(76.14238262176514,)	77.35804319381714
19	0.16994974502354515	80.53393363952637	98.61522912979126	99.3-76.3	98.6-62.5	(76.91196203231812,)	(76.29229426383972,)	77.54178047180176
20	0.16136603481247205	81.25699758529663	98.6695408821106	99.3-77.8	98.6-63.9	(77.95687317848206,)	(77.82184481620789,)	78.09236645698547
21	0.1550118597218358	81.846022605896	98.71591329574585	99.3-78.9	98.7-65.0	(78.79339456558228,)	(78.91213297843933,)	78.67501378059387
22	0.14878025192543096	82.45054483413696	98.76371622085571	99.3-80.0	98.7-66.2	(79.63988780975342,)	(79.97860312461853,)	79.30402159690857
23	0.1422512931194509	83.10028314590454	98.81570339202881	99.4-81.0	98.8-67.4	(80.53611516952515,)	(81.0499906539917,)	80.02871870994568
24	0.13681745418291646	83.66692066192627	98.8609790802002	99.4-81.9	98.8-68.5	(81.30691051483154,)	(81.93726539611816,)	80.68617582321167
25	0.1297215701261366	84.40043330192566	98.91948699951172	99.4-83.0	98.9-69.9	(82.29007124900818,)	(83.03794860839844,)	81.55553936958313
26	0.12275233643917464	85.15225648880005	98.97874593734741	99.4-84.1	99.0-71.4	(83.28147530555725,)	(84.13894772529602,)	82.44131207466125
27	0.11584060756862644	85.90395450592041	99.03786778450012	99.5-85.2	99.0-72.8	(84.25622582435608,)	(85.16376614570618,)	83.36781859397888
28	0.10939152690078835	86.61616444587708	99.09314513206482	99.5-86.1	99.1-74.2	(85.16532778739929,)	(86.10613942146301,)	84.24485921859741
29	0.10385444875313622	87.23875284194946	99.14092421531677	99.5-86.9	99.1-75.4	(85.94875931739807,)	(86.90606951713562,)	85.01230478286743
