1	0.23098291533340082	75.31594634056091	98.20578694343567	99.2-65.5	98.2-52.5	(68.82007122039795,)	(65.49705862998962,)	72.49829173088074
2	0.2073003247917581	77.47015953063965	98.36984872817993	99.2-70.3	98.3-56.6	(72.29089736938477,)	(70.34470438957214,)	74.34783577919006
3	0.19768694177070836	78.16691994667053	98.42302203178406	99.3-71.9	98.4-57.9	(73.37431907653809,)	(71.87337279319763,)	74.93929266929626
4	0.18904210381205053	78.83360385894775	98.47392439842224	99.3-73.3	98.4-59.2	(74.39385652542114,)	(73.32731485366821,)	75.49188733100891
5	0.18056390885352436	79.51330542564392	98.52704405784607	99.3-74.7	98.5-60.5	(75.41549801826477,)	(74.7268557548523,)	76.116943359375
6	0.17132480726418423	80.29770851135254	98.58866333961487	99.3-76.3	98.6-62.0	(76.5737533569336,)	(76.30125880241394,)	76.84820294380188
7	0.16282886658547505	81.04419708251953	98.64888787269592	99.3-77.7	98.6-63.5	(77.65488028526306,)	(77.65690088272095,)	77.65285968780518
8	0.15319643124484644	81.95477724075317	98.72139096260071	99.3-79.3	98.7-65.2	(78.94898056983948,)	(79.3061912059784,)	78.59496474266052
9	0.14455732047145242	82.83566236495972	98.7932801246643	99.4-80.7	98.8-66.9	(80.17366528511047,)	(80.70788383483887,)	79.64646816253662
10	0.13556112608460366	83.76796245574951	98.86849522590637	99.4-82.1	98.8-68.7	(81.44371509552002,)	(82.13196992874146,)	80.76689839363098
11	0.12705290841486808	84.66476202011108	98.94037246704102	99.4-83.4	98.9-70.4	(82.64051675796509,)	(83.43427181243896,)	81.86172842979431
12	0.11879425163903135	85.56186556816101	99.01126027107239	99.5-84.7	99.0-72.1	(83.81445407867432,)	(84.68009829521179,)	82.96631574630737
13	0.11228127334763446	86.27516031265259	99.06734228134155	99.5-85.6	99.0-73.5	(84.73137617111206,)	(85.60014367103577,)	83.88006091117859
14	0.10487716610879858	87.08357214927673	99.12959933280945	99.5-86.7	99.1-75.1	(85.75406670570374,)	(86.65332198143005,)	84.87328886985779
15	0.09923560818488165	87.71361112594604	99.17771220207214	99.5-87.4	99.2-76.3	(86.5388810634613,)	(87.42993474006653,)	85.66579818725586
16	0.09377464786482553	88.32833766937256	99.22400116920471	99.6-88.2	99.2-77.5	(87.29469180107117,)	(88.17845582962036,)	86.42846345901489
17	0.0888228640568977	88.89869451522827	99.26661252975464	99.6-88.8	99.2-78.6	(87.98718452453613,)	(88.84958028793335,)	87.14137673377991
18	0.08445753740369842	89.39762115478516	99.30341243743896	99.6-89.4	99.3-79.5	(88.58632445335388,)	(89.41993713378906,)	87.76811361312866
19	0.0800994817720437	89.90663290023804	99.34055209159851	99.6-90.0	99.3-80.5	(89.19124007225037,)	(89.99804854393005,)	88.39877247810364
20	0.07641017795612355	90.33172130584717	99.37130808830261	99.6-90.5	99.4-81.3	(89.69156742095947,)	(90.46942591667175,)	88.92696499824524
21	0.07278291567325285	90.75952768325806	99.4019865989685	99.7-90.9	99.4-82.1	(90.19071459770203,)	(90.93642830848694,)	89.45713639259338
22	0.06941885307265706	91.15739464759827	99.43025708198547	99.7-91.4	99.4-82.9	(90.6510591506958,)	(91.36650562286377,)	89.94672298431396
23	0.0662401246137231	91.53726100921631	99.45706129074097	99.7-91.8	99.4-83.6	(91.08710289001465,)	(91.76648259162903,)	90.41769504547119
24	0.06302563698856785	91.92112684249878	99.48388338088989	99.7-92.2	99.5-84.4	(91.52433276176453,)	(92.1735942363739,)	90.88415503501892
25	0.059952095110168475	92.29544401168823	99.5098888874054	99.7-92.6	99.5-85.1	(91.94744229316711,)	(92.55539178848267,)	91.34742617607117
26	0.057013822943889715	92.65539050102234	99.53464865684509	99.7-92.9	99.5-85.8	(92.35133528709412,)	(92.93011426925659,)	91.77972078323364
27	0.054307458457055445	92.98688769340515	99.55731630325317	99.8-93.3	99.5-86.4	(92.72071719169617,)	(93.26186180114746,)	92.18582510948181
28	0.0519350668544661	93.280690908432	99.57723617553711	99.8-93.6	99.6-87.0	(93.04609894752502,)	(93.55807304382324,)	92.53970384597778
29	0.05001551443135218	93.5233473777771	99.59359169006348	99.8-93.8	99.6-87.5	(93.31339597702026,)	(93.80133152008057,)	92.83051490783691
30	0.04865307408473134	93.69523525238037	99.60511326789856	99.8-94.0	99.6-87.8	(93.50196719169617,)	(93.9733624458313,)	93.03526282310486
