1	0.2769224323675334	70.8680808544159	97.94299602508545	99.3-53.1	97.9-43.8	(60.943782329559326,)	(53.08798551559448,)	71.52830958366394
2	0.24379327052368208	74.3895173072815	98.18457365036011	99.3-61.6	98.2-50.6	(67.22336411476135,)	(61.58130168914795,)	74.0035355091095
3	0.2317414490730338	75.5807876586914	98.25922846794128	99.3-64.8	98.2-52.9	(69.22729015350342,)	(64.76834416389465,)	74.34558272361755
4	0.223408058883007	76.30364298820496	98.30482602119446	99.3-66.7	98.3-54.3	(70.41375637054443,)	(66.7248785495758,)	74.53437447547913
5	0.21903157794964426	76.66616439819336	98.32783341407776	99.3-67.7	98.3-55.0	(71.00055813789368,)	(67.70967841148376,)	74.62767958641052
6	0.2164058588440389	76.90418362617493	98.34516644477844	99.3-68.3	98.3-55.5	(71.38103246688843,)	(68.26313138008118,)	74.79739785194397
7	0.21333840671694057	77.1402895450592	98.36043119430542	99.3-68.9	98.3-56.0	(71.75789475440979,)	(68.89951229095459,)	74.86371397972107
8	0.2134384202542406	77.1164059638977	98.36004376411438	99.3-68.8	98.3-55.9	(71.71887159347534,)	(68.78366470336914,)	74.91576671600342
9	0.21070636708603624	77.37364768981934	98.3770489692688	99.3-69.5	98.3-56.4	(72.12690114974976,)	(69.45763230323792,)	75.00953078269958
10	0.20544661413482404	77.75685787200928	98.40300679206848	99.3-70.4	98.4-57.1	(72.72937297821045,)	(70.44529318809509,)	75.16652345657349
11	0.2030596837061964	77.93704271316528	98.41628670692444	99.3-70.9	98.4-57.5	(73.00978899002075,)	(70.85766196250916,)	75.29674768447876
12	0.2026291244848603	77.97531485557556	98.41988682746887	99.3-70.9	98.4-57.6	(73.06855320930481,)	(70.90304493904114,)	75.37050247192383
13	0.19938209968938686	78.21601629257202	98.43674302101135	99.3-71.5	98.4-58.0	(73.44160676002502,)	(71.4939832687378,)	75.49831867218018
14	0.19811719456952634	78.34440469741821	98.44728708267212	99.3-71.7	98.4-58.3	(73.63839745521545,)	(71.73727750778198,)	75.64302682876587
15	0.19457915272918713	78.59158515930176	98.46555590629578	99.3-72.3	98.4-58.8	(74.01725053787231,)	(72.29699492454529,)	75.8213758468628
16	0.19197985458836025	78.78602743148804	98.48067164421082	99.3-72.7	98.4-59.1	(74.31308031082153,)	(72.70185351371765,)	75.99734663963318
17	0.1886568687849001	79.04071807861328	98.49954843521118	99.3-73.3	98.5-59.6	(74.69918727874756,)	(73.2657253742218,)	76.18985176086426
18	0.18597878313563998	79.24745082855225	98.51550459861755	99.3-73.7	98.5-60.0	(75.01033544540405,)	(73.69427680969238,)	76.3742446899414
19	0.18089936562758047	79.62555289268494	98.54364395141602	99.3-74.5	98.5-60.7	(75.576251745224,)	(74.53323602676392,)	76.64888501167297
20	0.178867749420054	79.79855537414551	98.55772256851196	99.3-74.8	98.5-61.1	(75.83252191543579,)	(74.8481810092926,)	76.84310674667358
21	0.1730903147726397	80.27017116546631	98.59296083450317	99.3-75.9	98.6-62.0	(76.52827501296997,)	(75.87252259254456,)	77.19546556472778
22	0.16918966995944382	80.60710430145264	98.61956238746643	99.3-76.5	98.6-62.6	(77.0194411277771,)	(76.51919722557068,)	77.52628326416016
23	0.1640808379034112	81.06723427772522	98.65561723709106	99.3-77.4	98.6-63.5	(77.68412232398987,)	(77.39959359169006,)	77.97075510025024
24	0.15868238682744104	81.55430555343628	98.69393706321716	99.3-78.3	98.7-64.4	(78.37978601455688,)	(78.32744121551514,)	78.43219637870789
25	0.15315343626743064	82.08872675895691	98.7358033657074	99.3-79.3	98.7-65.5	(79.13413643836975,)	(79.29497361183167,)	78.97394895553589
26	0.14701579995147515	82.67622590065002	98.78243207931519	99.4-80.3	98.8-66.6	(79.95221018791199,)	(80.30858635902405,)	79.59897518157959
27	0.14071074440530804	83.3084225654602	98.832768201828	99.4-81.3	98.8-67.8	(80.82008361816406,)	(81.34504556655884,)	80.3018569946289
28	0.13417740781951626	83.98438692092896	98.88660311698914	99.4-82.4	98.9-69.1	(81.73421025276184,)	(82.39872455596924,)	81.08033537864685
29	0.1277548690255748	84.65549945831299	98.93988966941833	99.4-83.4	98.9-70.4	(82.62808918952942,)	(83.39600563049316,)	81.87419176101685
30	0.12167410838974824	85.3134036064148	98.99181723594666	99.4-84.3	99.0-71.7	(83.49155783653259,)	(84.32982563972473,)	82.66978859901428
