0	0.3517209631471828	62.42755055427551	97.47262001037598	99.5-31.6	97.4-27.4	(43.02254021167755,)	(31.56261444091797,)	67.5483763217926
1	0.26141287424917653	72.31402397155762	98.0234146118164	99.3-57.1	98.0-46.6	(63.61101269721985,)	(57.14481472969055,)	71.72727584838867
2	0.2427959914516516	74.25633072853088	98.14759492874146	99.3-62.3	98.1-50.4	(67.02180504798889,)	(62.26903200149536,)	72.56006002426147
3	0.23171186274492062	75.2995252609253	98.21491837501526	99.2-65.1	98.2-52.4	(68.78356337547302,)	(65.05346298217773,)	72.96745181083679
4	0.2302511467065252	75.47005414962769	98.22713732719421	99.2-65.5	98.2-52.7	(69.06605362892151,)	(65.46247005462646,)	73.08948636054993
5	0.22372471606412858	76.08132362365723	98.27136993408203	99.2-66.9	98.2-53.9	(70.0682520866394,)	(66.93446040153503,)	73.50990176200867
6	0.2202587680380218	76.39854550361633	98.29592108726501	99.3-67.6	98.3-54.5	(70.58093547821045,)	(67.6280677318573,)	73.80343675613403
7	0.21645202454004414	76.73194408416748	98.3197033405304	99.3-68.4	98.3-55.2	(71.11712098121643,)	(68.42852830886841,)	74.02563095092773
8	0.21370204170015614	76.96734070777893	98.3385443687439	99.3-68.9	98.3-55.6	(71.4913010597229,)	(68.91239881515503,)	74.27072525024414
9	0.21156727165674596	77.14730501174927	98.35206866264343	99.3-69.3	98.3-56.0	(71.77664041519165,)	(69.31716203689575,)	74.41707253456116
10	0.2086182451355394	77.38557457923889	98.37042689323425	99.3-69.8	98.3-56.4	(72.15209007263184,)	(69.83152031898499,)	74.63219165802002
11	0.20590320677980445	77.614825963974	98.38800430297852	99.3-70.3	98.4-56.9	(72.51130938529968,)	(70.3298270702362,)	74.8324453830719
12	0.2030997837684372	77.8267502784729	98.40367436408997	99.3-70.8	98.4-57.3	(72.84207940101624,)	(70.81495523452759,)	74.98868703842163
13	0.20152817812076	77.9548168182373	98.41412305831909	99.3-71.1	98.4-57.5	(73.04032444953918,)	(71.05858325958252,)	75.13576149940491
14	0.19953104476903188	78.11071872711182	98.42562079429626	99.3-71.4	98.4-57.8	(73.28183650970459,)	(71.41629457473755,)	75.24744868278503
15	0.19686433219837224	78.31474542617798	98.4409511089325	99.3-71.9	98.4-58.2	(73.59626889228821,)	(71.87114357948303,)	75.40624737739563
16	0.1947849060871134	78.47551107406616	98.45365881919861	99.3-72.2	98.4-58.5	(73.8424003124237,)	(72.20004796981812,)	75.56121945381165
17	0.19226924349366178	78.64952683448792	98.4667181968689	99.3-72.6	98.4-58.9	(74.10833239555359,)	(72.58561253547668,)	75.69631338119507
18	0.19049683101031467	78.7729024887085	98.476243019104	99.3-72.8	98.4-59.1	(74.29596185684204,)	(72.84301519393921,)	75.80804228782654
19	0.18811848611407178	78.93016934394836	98.4880268573761	99.3-73.2	98.5-59.4	(74.5346188545227,)	(73.18949699401855,)	75.93011260032654
20	0.18561146329279993	79.11532521247864	98.50211143493652	99.3-73.6	98.5-59.8	(74.81427192687988,)	(73.58884811401367,)	76.08119249343872
21	0.1829968856657206	79.31947708129883	98.5181987285614	99.3-74.0	98.5-60.2	(75.1207172870636,)	(73.99804592132568,)	76.27797722816467
22	0.1800533272529888	79.54142689704895	98.53515625	99.3-74.5	98.5-60.6	(75.4526138305664,)	(74.46430325508118,)	76.46750807762146
23	0.17753538225776846	79.74982857704163	98.55204820632935	99.3-74.9	98.5-61.0	(75.76184868812561,)	(74.85322952270508,)	76.692795753479
24	0.17502490607499885	79.94940876960754	98.5669732093811	99.3-75.3	98.5-61.4	(76.05754733085632,)	(75.28734803199768,)	76.84366106987
25	0.17235247489407957	80.16221523284912	98.5844075679779	99.3-75.7	98.6-61.8	(76.37009024620056,)	(75.67053437232971,)	77.08269953727722
26	0.16964679163102844	80.41223287582397	98.60444664955139	99.3-76.1	98.6-62.3	(76.73563361167908,)	(76.12982988357544,)	77.35115885734558
27	0.16788985952135255	80.54500222206116	98.61503839492798	99.3-76.4	98.6-62.5	(76.92891955375671,)	(76.37633085250854,)	77.48955488204956
28	0.16383171775447253	80.91158866882324	98.6443042755127	99.3-77.1	98.6-63.2	(77.45940089225769,)	(77.0529568195343,)	77.87014842033386
29	0.16186886842207263	81.08217716217041	98.6581563949585	99.3-77.3	98.6-63.5	(77.7044951915741,)	(77.34470963478088,)	78.06764841079712
