1	0.23624867251405524	74.78058338165283	98.17626476287842	99.2-63.9	98.1-51.4	(67.91773438453674,)	(63.854044675827026,)	72.53381609916687
2	0.2139785935273496	76.94454193115234	98.3348548412323	99.3-68.9	98.3-55.6	(71.45676016807556,)	(68.94717812538147,)	74.15592670440674
3	0.2054505016761475	77.63199806213379	98.38403463363647	99.2-70.6	98.3-56.9	(72.54263162612915,)	(70.60869336128235,)	74.58549737930298
4	0.19849999542111207	78.15490365028381	98.42357039451599	99.3-71.8	98.4-57.9	(73.35454821586609,)	(71.77795171737671,)	75.00196695327759
5	0.1913334181651003	78.6717176437378	98.46243858337402	99.3-72.9	98.4-58.9	(74.14706945419312,)	(72.9332983493805,)	75.40192604064941
6	0.18433486526029597	79.23048734664917	98.50502610206604	99.3-74.1	98.5-60.0	(74.99237656593323,)	(74.14699196815491,)	75.85725784301758
7	0.17812164879061584	79.71440553665161	98.54233860969543	99.3-75.2	98.5-60.9	(75.71490406990051,)	(75.16488432884216,)	76.27302408218384
8	0.1708676708941345	80.33385276794434	98.59092235565186	99.3-76.4	98.6-62.1	(76.62705183029175,)	(76.39915347099304,)	76.85631513595581
9	0.16323519087020555	81.01575374603271	98.64470362663269	99.3-77.7	98.6-63.4	(77.61551141738892,)	(77.7199923992157,)	77.51131653785706
10	0.15591839563487733	81.70979619026184	98.70110154151917	99.3-78.9	98.7-64.8	(78.60413193702698,)	(78.92515659332275,)	78.28571200370789
11	0.14918304658785742	82.37508535385132	98.75470995903015	99.3-80.1	98.7-66.0	(79.5371949672699,)	(80.05912899971008,)	79.02202010154724
12	0.1412078668354397	83.18170309066772	98.81999492645264	99.4-81.3	98.8-67.6	(80.64913749694824,)	(81.33733868598938,)	79.97249364852905
13	0.1338754068539554	83.95169973373413	98.8821029663086	99.4-82.5	98.9-69.0	(81.69174194335938,)	(82.4974536895752,)	80.90161085128784
14	0.12670144605308206	84.71620082855225	98.94337058067322	99.4-83.6	98.9-70.5	(82.70924687385559,)	(83.59918594360352,)	81.838059425354
15	0.11978302057622588	85.46130657196045	99.00255799293518	99.5-84.6	99.0-71.9	(83.68457555770874,)	(84.61321592330933,)	82.77608752250671
16	0.11358348417371099	86.13569140434265	99.05559420585632	99.5-85.5	99.0-73.2	(84.55377221107483,)	(85.50095558166504,)	83.62736105918884
17	0.10785602002134169	86.7670476436615	99.10483360290527	99.5-86.3	99.1-74.5	(85.35609841346741,)	(86.29539608955383,)	84.43703055381775
18	0.10290301879759967	87.31709718704224	99.14705753326416	99.5-87.0	99.1-75.5	(86.04650497436523,)	(86.99044585227966,)	85.12282967567444
19	0.09764145509233724	87.9047155380249	99.19184446334839	99.6-87.7	99.2-76.6	(86.77510619163513,)	(87.70264983177185,)	85.86697578430176
20	0.09326835651207338	88.39768767356873	99.2289662361145	99.6-88.3	99.2-77.6	(87.37947344779968,)	(88.28996419906616,)	86.4875853061676
21	0.0889642573788124	88.88232707977295	99.2652177810669	99.6-88.8	99.2-78.5	(87.9675567150116,)	(88.84879350662231,)	87.10362911224365
22	0.08509956035584317	89.32477831840515	99.29791688919067	99.6-89.4	99.3-79.4	(88.49933743476868,)	(89.35380578041077,)	87.6610517501831
23	0.08134754608263527	89.7578477859497	99.3296205997467	99.6-89.8	99.3-80.2	(89.01516795158386,)	(89.84244465827942,)	88.20297718048096
24	0.0780456116133959	90.13944268226624	99.35740828514099	99.6-90.3	99.3-80.9	(89.46582078933716,)	(90.26157259941101,)	88.68398070335388
25	0.07477207873940123	90.52554368972778	99.38526749610901	99.7-90.7	99.4-81.7	(89.91825580596924,)	(90.68611860275269,)	89.16328549385071
26	0.07167147146178085	90.88884592056274	99.4111955165863	99.7-91.1	99.4-82.4	(90.34075736999512,)	(91.07668995857239,)	89.6166205406189
27	0.06888621652328529	91.2176251411438	99.43457245826721	99.7-91.4	99.4-83.0	(90.72039127349854,)	(91.42434000968933,)	90.02720713615417
28	0.06631119205305774	91.52396321296692	99.45615530014038	99.7-91.8	99.4-83.6	(91.07185006141663,)	(91.75055623054504,)	90.40312170982361
29	0.06407868123885559	91.79191589355469	99.47493076324463	99.7-92.0	99.5-84.1	(91.37751460075378,)	(92.02824234962463,)	90.73591232299805
30	0.06230666274138884	92.00788736343384	99.4900107383728	99.7-92.3	99.5-84.5	(91.62264466285706,)	(92.25123524665833,)	91.00256562232971
