0	0.24554003527926502	74.22479391098022	98.15282225608826	99.3-61.9	98.1-50.3	(66.96112155914307,)	(61.920493841171265,)	72.89513945579529
1	0.22213171304941792	76.38458013534546	98.30148816108704	99.3-67.3	98.3-54.5	(70.55264115333557,)	(67.3064649105072,)	74.12781715393066
2	0.21565674956113157	76.90039873123169	98.33772778511047	99.3-68.6	98.3-55.5	(71.3811993598938,)	(68.56743693351746,)	74.43577647209167
3	0.2099795340286317	77.3388922214508	98.36851954460144	99.3-69.7	98.3-56.3	(72.07725048065186,)	(69.65030431747437,)	74.679434299469
4	0.21357641185838333	77.07005739212036	98.35488200187683	99.3-68.8	98.3-55.8	(71.64691686630249,)	(68.7552809715271,)	74.79245066642761
5	0.2116180606706923	77.2332489490509	98.3663260936737	99.3-69.2	98.3-56.1	(71.90577387809753,)	(69.15122866630554,)	74.88887310028076
6	0.2039254735867419	77.83174514770508	98.40721487998962	99.3-70.7	98.4-57.3	(72.84718155860901,)	(70.67336440086365,)	75.15896558761597
7	0.20101128596661363	78.03863883018494	98.4225332736969	99.3-71.1	98.4-57.7	(73.16840291023254,)	(71.14307880401611,)	75.31242370605469
8	0.19779344339221142	78.2818615436554	98.44095706939697	99.3-71.7	98.4-58.2	(73.54361414909363,)	(71.67601585388184,)	75.51113963127136
9	0.1924652107946301	78.65137457847595	98.46826791763306	99.3-72.5	98.4-58.9	(74.10997152328491,)	(72.51778244972229,)	75.77365636825562
10	0.1886583473605355	78.90705466270447	98.48775863647461	99.3-73.1	98.5-59.4	(74.49839115142822,)	(73.06327223777771,)	75.99101662635803
11	0.18464575284709392	79.20372486114502	98.51077198982239	99.3-73.7	98.5-59.9	(74.9457597732544,)	(73.67472648620605,)	76.26141905784607
12	0.1799454982749307	79.55700159072876	98.53765368461609	99.3-74.4	98.5-60.6	(75.47476887702942,)	(74.43773150444031,)	76.54110789299011
13	0.17688588304259242	79.80241179466248	98.55698943138123	99.3-74.9	98.5-61.1	(75.83906054496765,)	(74.91408586502075,)	76.78717374801636
14	0.17151416235118241	80.24426698684692	98.59100580215454	99.3-75.8	98.6-61.9	(76.49028897285461,)	(75.82037448883057,)	77.17214226722717
15	0.16593305623136023	80.71331977844238	98.62672090530396	99.3-76.8	98.6-62.8	(77.17443704605103,)	(76.78787112236023,)	77.56491899490356
16	0.16075341881619237	81.182461977005	98.66375923156738	99.3-77.7	98.6-63.7	(77.85013914108276,)	(77.67578959465027,)	78.0252754688263
17	0.15589441686535238	81.62479996681213	98.69823455810547	99.3-78.5	98.7-64.6	(78.4807801246643,)	(78.52169275283813,)	78.4399151802063
18	0.15099093573034789	82.09761381149292	98.73616099357605	99.3-79.3	98.7-65.5	(79.14684414863586,)	(79.33955192565918,)	78.955078125
19	0.14532370057739005	82.6543927192688	98.78008365631104	99.4-80.3	98.7-66.6	(79.92246150970459,)	(80.31865954399109,)	79.53015565872192
20	0.13917682917293278	83.3067536354065	98.83224368095398	99.4-81.4	98.8-67.8	(80.81809282302856,)	(81.37431144714355,)	80.2694320678711
21	0.13313544089129314	83.94997119903564	98.88348579406738	99.4-82.4	98.9-69.0	(81.68827295303345,)	(82.37510919570923,)	81.01279735565186
22	0.12694361150901615	84.62135791778564	98.93685579299927	99.4-83.4	98.9-70.3	(82.58317708969116,)	(83.37138891220093,)	81.80974125862122
23	0.12032662673402969	85.34865379333496	98.99433851242065	99.4-84.4	99.0-71.7	(83.53764414787292,)	(84.39884781837463,)	82.69383907318115
24	0.11376818654763693	86.06992959976196	99.05095100402832	99.5-85.4	99.0-73.1	(84.46922302246094,)	(85.36837697029114,)	83.58882069587708
25	0.10757744844093756	86.76921129226685	99.10507202148438	99.5-86.3	99.1-74.5	(85.35877466201782,)	(86.28924489021301,)	84.44816470146179
26	0.1013912995401662	87.46111989021301	99.15832281112671	99.5-87.1	99.1-75.8	(86.22574806213379,)	(87.14132308959961,)	85.32920479774475
27	0.09553457721252251	88.13292384147644	99.20910000801086	99.6-88.0	99.2-77.1	(87.05565333366394,)	(87.97003030776978,)	86.1600935459137
28	0.09025973329381719	88.74082565307617	99.2546558380127	99.6-88.7	99.2-78.2	(87.79648542404175,)	(88.68346810340881,)	86.92706823348999
29	0.08598116265234453	89.23314809799194	99.29113388061523	99.6-89.2	99.3-79.2	(88.38962316513062,)	(89.24959897994995,)	87.5460684299469
