1	0.2755041151797472	71.30776047706604	97.98028469085693	99.4-53.9	97.9-44.7	(61.75311207771301,)	(53.93615961074829,)	72.21991419792175
2	0.259033035257854	72.94409275054932	98.09331893920898	99.3-57.8	98.1-47.8	(64.70834016799927,)	(57.817208766937256,)	73.46444725990295
3	0.2533135528892701	73.48688840866089	98.13020825386047	99.3-59.1	98.1-48.9	(65.66145420074463,)	(59.13477540016174,)	73.80756735801697
4	0.24922633334077987	73.86237978935242	98.15548062324524	99.3-60.1	98.1-49.6	(66.31319522857666,)	(60.053664445877075,)	74.02945756912231
5	0.24705256671864834	74.06628131866455	98.16946387290955	99.3-60.5	98.1-50.0	(66.66420102119446,)	(60.54984927177429,)	74.15211796760559
6	0.24481342669938622	74.27326440811157	98.18422794342041	99.3-61.0	98.2-50.4	(67.01810956001282,)	(61.0230028629303,)	74.3195116519928
7	0.24289362062865008	74.44647550582886	98.19600582122803	99.3-61.4	98.2-50.7	(67.31337308883667,)	(61.44433617591858,)	74.42200183868408
8	0.24147320782474296	74.58271980285645	98.20716381072998	99.3-61.7	98.2-51.0	(67.542964220047,)	(61.70773506164551,)	74.5970368385315
9	0.2395279210706104	74.7616171836853	98.21836352348328	99.3-62.2	98.2-51.3	(67.84636974334717,)	(62.17922568321228,)	74.65013265609741
10	0.23806535403189624	74.90033507347107	98.22877049446106	99.3-62.5	98.2-51.6	(68.07910203933716,)	(62.476372718811035,)	74.78570342063904
11	0.23597941671648642	75.07721185684204	98.24151992797852	99.3-62.9	98.2-51.9	(68.37514638900757,)	(62.880414724349976,)	74.92212653160095
12	0.23437680148130374	75.2090573310852	98.25008511543274	99.3-63.2	98.2-52.2	(68.59579086303711,)	(63.21648955345154,)	74.97572898864746
13	0.23268869570267542	75.35338401794434	98.26122522354126	99.3-63.5	98.2-52.5	(68.83489489555359,)	(63.522666692733765,)	75.11669397354126
14	0.2310663801770842	75.49440860748291	98.27180504798889	99.3-63.8	98.2-52.8	(69.0679669380188,)	(63.824331760406494,)	75.25033950805664
15	0.2294077167247889	75.6636381149292	98.28430414199829	99.3-64.2	98.3-53.1	(69.34674382209778,)	(64.1937792301178,)	75.3991961479187
16	0.22738555650702327	75.82816481590271	98.29587936401367	99.3-64.6	98.3-53.4	(69.61713433265686,)	(64.57844972610474,)	75.5086362361908
17	0.22495187076584647	76.04302167892456	98.31242561340332	99.3-65.0	98.3-53.8	(69.96728181838989,)	(65.02906680107117,)	75.71713924407959
18	0.22337256835837155	76.17795467376709	98.3226478099823	99.4-65.3	98.3-54.1	(70.1863944530487,)	(65.30820727348328,)	75.85214376449585
19	0.22097242264171818	76.36603713035583	98.33685755729675	99.4-65.7	98.3-54.4	(70.49058079719543,)	(65.7050371170044,)	76.02797746658325
20	0.218774979702615	76.5401840209961	98.34986329078674	99.4-66.1	98.3-54.8	(70.7710862159729,)	(66.08240604400635,)	76.1759102344513
21	0.216691710539426	76.71695947647095	98.36400747299194	99.4-66.4	98.3-55.1	(71.05379104614258,)	(66.416996717453,)	76.38658881187439
22	0.21425948228749417	76.92745327949524	98.37978482246399	99.4-66.9	98.3-55.5	(71.3897168636322,)	(66.86396598815918,)	76.5726089477539
23	0.21207443485066477	77.11068391799927	98.39410185813904	99.4-67.2	98.4-55.9	(71.68018221855164,)	(67.22410917282104,)	76.76895260810852
24	0.20991206935295656	77.28614807128906	98.4071433544159	99.4-67.6	98.4-56.2	(71.95770740509033,)	(67.59819388389587,)	76.9182801246643
25	0.20793988427095697	77.45240926742554	98.42024445533752	99.4-67.9	98.4-56.5	(72.21891283988953,)	(67.91744828224182,)	77.10207104682922
26	0.2052589160751813	77.68197059631348	98.43789339065552	99.4-68.4	98.4-57.0	(72.57821559906006,)	(68.37937235832214,)	77.3264467716217
27	0.20321390687932392	77.84976959228516	98.45073819160461	99.4-68.7	98.4-57.3	(72.83961176872253,)	(68.7152087688446,)	77.49072909355164
28	0.20115138853181103	78.0227780342102	98.46459627151489	99.4-69.0	98.4-57.6	(73.10746908187866,)	(69.03228759765625,)	77.69398093223572
29	0.19930733695172892	78.17186117172241	98.47657084465027	99.4-69.3	98.4-57.9	(73.33734631538391,)	(69.3027138710022,)	77.87079811096191
30	0.19725845854655052	78.34652662277222	98.49058985710144	99.4-69.6	98.5-58.2	(73.60565066337585,)	(69.61513161659241,)	78.08147072792053
