1	0.23267072773102554	75.24985671043396	98.20820093154907	99.2-65.1	98.2-52.3	(68.70391368865967,)	(65.05563259124756,)	72.78568744659424
2	0.2088117311137122	77.34285593032837	98.36151599884033	99.2-70.0	98.3-56.4	(72.08974361419678,)	(69.99670267105103,)	74.31179881095886
3	0.19926476075823124	78.07116508483887	98.41573238372803	99.2-71.7	98.4-57.8	(73.22649955749512,)	(71.66711688041687,)	74.85524415969849
4	0.19099728817915387	78.63377928733826	98.45898151397705	99.3-72.9	98.4-58.8	(74.08974766731262,)	(72.87752628326416,)	75.34297704696655
5	0.18256501711218953	79.27625179290771	98.5087513923645	99.3-74.2	98.5-60.1	(75.06088018417358,)	(74.22966957092285,)	75.91091990470886
6	0.17431167574660553	79.95880842208862	98.56119751930237	99.3-75.7	98.5-61.4	(76.07665061950684,)	(75.67272782325745,)	76.48491263389587
7	0.1662181863466521	80.68437576293945	98.61843585968018	99.3-77.1	98.6-62.8	(77.13726758956909,)	(77.09159851074219,)	77.1829903125763
8	0.15855454447806955	81.4099669456482	98.67708683013916	99.3-78.4	98.6-64.2	(78.17874550819397,)	(78.38916182518005,)	77.96945571899414
9	0.14968344443690582	82.29121565818787	98.74820113182068	99.3-79.9	98.7-65.9	(79.42016124725342,)	(79.8956573009491,)	78.95029187202454
10	0.1418613754080924	83.08998346328735	98.8131046295166	99.4-81.2	98.8-67.4	(80.5233359336853,)	(81.15592002868652,)	79.9005389213562
11	0.1327015566450699	84.05101299285889	98.89071583747864	99.4-82.6	98.9-69.2	(81.82443380355835,)	(82.59375095367432,)	81.06931447982788
12	0.124189404772531	84.96507406234741	98.96359443664551	99.4-83.9	98.9-71.0	(83.03650617599487,)	(83.90647172927856,)	82.18439221382141
13	0.11593056778847471	85.86481809616089	99.03475642204285	99.5-85.1	99.0-72.7	(84.20590162277222,)	(85.11306643486023,)	83.3178699016571
14	0.1091224515258292	86.61780953407288	99.0935742855072	99.5-86.1	99.1-74.2	(85.16719341278076,)	(86.07719540596008,)	84.27623510360718
15	0.10271446540932538	87.3314619064331	99.14844632148743	99.5-87.0	99.1-75.5	(86.06420755386353,)	(86.97792291641235,)	85.16949415206909
16	0.09707635250518246	87.9663348197937	99.19665455818176	99.6-87.8	99.2-76.8	(86.85088753700256,)	(87.75578141212463,)	85.96445918083191
17	0.09164810715469904	88.57885599136353	99.2427110671997	99.6-88.5	99.2-77.9	(87.59992122650146,)	(88.48394751548767,)	86.73338294029236
18	0.08707174066309047	89.10176753997803	99.28148984909058	99.6-89.1	99.3-78.9	(88.23190927505493,)	(89.0970230102539,)	87.38341927528381
19	0.08251340399422495	89.62391018867493	99.31990504264832	99.6-89.7	99.3-79.9	(88.85607719421387,)	(89.69130516052246,)	88.03626298904419
20	0.07851636376206722	90.08355140686035	99.35346245765686	99.6-90.2	99.3-80.8	(89.3999695777893,)	(90.20271897315979,)	88.61138224601746
21	0.07482758523141923	90.51997661590576	99.38477277755737	99.7-90.7	99.4-81.7	(89.91180658340454,)	(90.68557024002075,)	89.15114402770996
22	0.07109807321744212	90.95710515975952	99.41604137420654	99.7-91.2	99.4-82.5	(90.41979908943176,)	(91.15422368049622,)	89.69711065292358
23	0.06786595285013775	91.34129285812378	99.44326877593994	99.7-91.6	99.4-83.3	(90.86256623268127,)	(91.56163334846497,)	90.17407894134521
24	0.06454823157196554	91.7361855506897	99.47099685668945	99.7-92.0	99.5-84.0	(91.31410121917725,)	(91.97996258735657,)	90.65781831741333
25	0.06139222828743899	92.12006330490112	99.49771761894226	99.7-92.4	99.5-84.8	(91.74960255622864,)	(92.37895607948303,)	91.12876653671265
26	0.0583878015445369	92.4818754196167	99.52272176742554	99.7-92.8	99.5-85.5	(92.15700030326843,)	(92.75269508361816,)	91.56891703605652
27	0.05564877057387461	92.81735420227051	99.54572319984436	99.7-93.1	99.5-86.1	(92.53214001655579,)	(93.093341588974,)	91.97765588760376
28	0.05338511007633456	93.09923648834229	99.56493377685547	99.8-93.4	99.6-86.6	(92.84538626670837,)	(93.37658286094666,)	92.32020378112793
29	0.05129976427084805	93.3571457862854	99.58238005638123	99.8-93.6	99.6-87.1	(93.13046932220459,)	(93.63875985145569,)	92.62767434120178
30	0.04983996393648381	93.54448318481445	99.59499835968018	99.8-93.8	99.6-87.5	(93.33661794662476,)	(93.82492899894714,)	92.85337924957275
