1	0.23874614822647683	74.74557161331177	98.17774295806885	99.3-63.6	98.1-51.3	(67.85520911216736,)	(63.620197772979736,)	72.69424796104431
2	0.2169956003495055	76.75696611404419	98.3228087425232	99.3-68.4	98.3-55.2	(71.15604877471924,)	(68.4296190738678,)	74.10876154899597
3	0.20723944807608646	77.51126885414124	98.37695360183716	99.3-70.2	98.3-56.7	(72.3519504070282,)	(70.24981379508972,)	74.58377480506897
4	0.20210553906589304	77.87381410598755	98.40383529663086	99.3-71.1	98.4-57.4	(72.91812300682068,)	(71.08108401298523,)	74.85262155532837
5	0.19515947360816457	78.35875749588013	98.44015836715698	99.3-72.2	98.4-58.3	(73.66732358932495,)	(72.16933965682983,)	75.22880434989929
6	0.18811872000137375	78.85541915893555	98.47826361656189	99.3-73.2	98.4-59.3	(74.4247317314148,)	(73.24792742729187,)	75.63996911048889
7	0.1819338869718452	79.338937997818	98.51460456848145	99.3-74.3	98.5-60.2	(75.15402436256409,)	(74.31095242500305,)	76.01645588874817
8	0.17485683908744812	79.90832328796387	98.55809807777405	99.3-75.5	98.5-61.3	(76.00146532058716,)	(75.52393674850464,)	76.48507356643677
9	0.16778468396106863	80.53818345069885	98.60773086547852	99.3-76.8	98.6-62.5	(76.92438960075378,)	(76.77366137504578,)	77.07570195198059
10	0.16080057320016491	81.19977712631226	98.65996837615967	99.3-78.0	98.6-63.8	(77.8789758682251,)	(78.02492380142212,)	77.73355841636658
11	0.15465259133116688	81.80476427078247	98.70938658714294	99.3-79.0	98.7-64.9	(78.73771786689758,)	(79.04420495033264,)	78.43360304832458
12	0.14670967878156124	82.60319232940674	98.77362251281738	99.3-80.4	98.7-66.5	(79.85340356826782,)	(80.39291501045227,)	79.32108640670776
13	0.1379439162470626	83.4957480430603	98.84552955627441	99.4-81.8	98.8-68.2	(81.07643127441406,)	(81.80594444274902,)	80.35979866981506
14	0.1301957973481755	84.32015180587769	98.91186952590942	99.4-83.0	98.9-69.8	(82.18414783477783,)	(83.01793932914734,)	81.36693239212036
15	0.12277012416842248	85.11747121810913	98.9756166934967	99.4-84.1	98.9-71.3	(83.23626518249512,)	(84.12248492240906,)	82.36852288246155
16	0.11552649141029626	85.91914176940918	99.03873205184937	99.5-85.2	99.0-72.8	(84.27596092224121,)	(85.20769476890564,)	83.3643913269043
17	0.10869377465883878	86.66521310806274	99.09675121307373	99.5-86.2	99.1-74.3	(85.22754907608032,)	(86.18395328521729,)	84.29214358329773
18	0.10270812046544414	87.3397707939148	99.14873838424683	99.5-87.0	99.1-75.6	(86.07480525970459,)	(87.02182173728943,)	85.14817953109741
19	0.09687657537285409	87.98726797103882	99.19790625572205	99.6-87.8	99.2-76.8	(86.87687516212463,)	(87.82075047492981,)	85.95306873321533
20	0.09158416212154391	88.58696222305298	99.2430329322815	99.6-88.5	99.2-78.0	(87.60995268821716,)	(88.52269053459167,)	86.71584725379944
21	0.08661182419230821	89.15668725967407	99.28538799285889	99.6-89.2	99.3-79.0	(88.29798102378845,)	(89.18258547782898,)	87.43075132369995
22	0.08199103403337545	89.68570828437805	99.32423233985901	99.6-89.8	99.3-80.1	(88.9296293258667,)	(89.78562951087952,)	88.0898118019104
23	0.07764115769155827	90.19385576248169	99.3611216545105	99.6-90.4	99.3-81.0	(89.52993154525757,)	(90.3538703918457,)	88.7208878993988
24	0.07351480405633766	90.68230390548706	99.39630031585693	99.7-90.9	99.4-82.0	(90.10106325149536,)	(90.88519215583801,)	89.33034539222717
25	0.06960035016201317	91.14251136779785	99.42903518676758	99.7-91.4	99.4-82.9	(90.63400626182556,)	(91.38068556785583,)	89.89944458007812
26	0.06585792355276572	91.59021377563477	99.46064352989197	99.7-91.9	99.4-83.7	(91.14769101142883,)	(91.85044765472412,)	90.4556155204773
27	0.06238466820137483	92.0117735862732	99.49009418487549	99.7-92.3	99.5-84.5	(91.62716269493103,)	(92.28952527046204,)	90.97424745559692
28	0.05931173370706118	92.3854410648346	99.51601028442383	99.7-92.7	99.5-85.3	(92.04875826835632,)	(92.67240166664124,)	91.43346548080444
29	0.05683682163615387	92.69130825996399	99.53700304031372	99.7-93.0	99.5-85.9	(92.39153861999512,)	(92.98731088638306,)	91.80336594581604
30	0.055036259669521484	92.91707277297974	99.55241680145264	99.7-93.2	99.5-86.3	(92.64321327209473,)	(93.21565628051758,)	92.07775592803955
