1	0.2318442771349196	75.18484592437744	98.19779992103577	99.2-65.1	98.2-52.2	(68.60092282295227,)	(65.12077450752258,)	72.47403264045715
2	0.20843149181899145	77.38244533538818	98.36469292640686	99.2-70.1	98.3-56.4	(72.15186357498169,)	(70.07995843887329,)	74.35000538825989
3	0.19966020486908273	78.05565595626831	98.41552376747131	99.3-71.6	98.4-57.7	(73.20172190666199,)	(71.58345580101013,)	74.89485740661621
4	0.19220388460249496	78.60530614852905	98.45778942108154	99.3-72.8	98.4-58.8	(74.0455150604248,)	(72.76861667633057,)	75.3680408000946
5	0.18426444125106872	79.21305894851685	98.504239320755	99.3-74.1	98.5-60.0	(74.9657154083252,)	(74.07842874526978,)	75.87452530860901
6	0.17599131470799195	79.88494634628296	98.5565185546875	99.3-75.5	98.5-61.2	(75.9667456150055,)	(75.4612684249878,)	76.47902965545654
7	0.16760429466252394	80.61519861221313	98.61412048339844	99.3-76.9	98.6-62.6	(77.03602313995361,)	(76.89298987388611,)	77.17959880828857
8	0.15841235468405163	81.45365715026855	98.68119955062866	99.3-78.4	98.6-64.3	(78.2404363155365,)	(78.42946648597717,)	78.05231213569641
9	0.15029902549739987	82.27238655090332	98.74761700630188	99.3-79.8	98.7-65.8	(79.39318418502808,)	(79.80017066001892,)	78.99032831192017
10	0.14127805274692337	83.1722617149353	98.82029891014099	99.4-81.2	98.8-67.6	(80.63545227050781,)	(81.2467634677887,)	80.03326654434204
11	0.1325724529772901	84.08966064453125	98.89420866966248	99.4-82.6	98.9-69.3	(81.87588453292847,)	(82.62038230895996,)	81.14469051361084
12	0.12412388930283128	84.9863052368164	98.96572828292847	99.4-83.9	98.9-71.0	(83.06404948234558,)	(83.89678597450256,)	82.24768042564392
13	0.11610395367109173	85.86592078208923	99.03504848480225	99.5-85.1	99.0-72.7	(84.20718312263489,)	(85.09461879730225,)	83.33805799484253
14	0.10864923090307571	86.67447566986084	99.09808039665222	99.5-86.1	99.1-74.3	(85.23885011672974,)	(86.13870143890381,)	84.35760140419006
15	0.10218425834862094	87.39953637123108	99.15364980697632	99.5-87.1	99.1-75.7	(86.14907264709473,)	(87.06097602844238,)	85.25606393814087
16	0.09614340418737433	88.07507753372192	99.20493960380554	99.6-87.9	99.2-77.0	(86.98451519012451,)	(87.87885308265686,)	86.10820174217224
17	0.09084995147002728	88.66479396820068	99.24910068511963	99.6-88.6	99.2-78.1	(87.70425915718079,)	(88.58209252357483,)	86.84365153312683
18	0.08602080414826092	89.22592401504517	99.29073452949524	99.6-89.2	99.3-79.2	(88.38088512420654,)	(89.22463059425354,)	87.55294680595398
19	0.08149425581958761	89.73962664604187	99.32847023010254	99.6-89.8	99.3-80.2	(88.99343013763428,)	(89.8151159286499,)	88.18663358688354
20	0.07740618978913079	90.21933674812317	99.36323165893555	99.6-90.3	99.3-81.1	(89.55970406532288,)	(90.34577012062073,)	88.78719806671143
21	0.07363243641077523	90.66025018692017	99.39494132995605	99.7-90.8	99.4-81.9	(90.07524251937866,)	(90.82743525505066,)	89.33541178703308
22	0.06994564587241957	91.09508991241455	99.42585229873657	99.7-91.3	99.4-82.8	(90.57920575141907,)	(91.30037426948547,)	89.86935019493103
23	0.06653751193108583	91.50192737579346	99.45457577705383	99.7-91.7	99.4-83.6	(91.04666113853455,)	(91.73068404197693,)	90.37277698516846
24	0.06317109907800374	91.903555393219	99.48269128799438	99.7-92.2	99.5-84.3	(91.50438904762268,)	(92.15185642242432,)	90.865957736969
25	0.06000735428821744	92.28691458702087	99.50929880142212	99.7-92.5	99.5-85.1	(91.93783402442932,)	(92.54956245422363,)	91.33414626121521
26	0.05694435481075018	92.65822172164917	99.5348572731018	99.7-92.9	99.5-85.8	(92.35448837280273,)	(92.93063879013062,)	91.78544282913208
27	0.05419471586427153	92.99603700637817	99.55792427062988	99.8-93.3	99.5-86.4	(92.73090362548828,)	(93.27274560928345,)	92.19531416893005
28	0.05179205646481142	93.29345226287842	99.57810044288635	99.8-93.6	99.6-87.0	(93.06018352508545,)	(93.57227087020874,)	92.55366921424866
29	0.04980104122534562	93.54256391525269	99.59486722946167	99.8-93.8	99.6-87.5	(93.33451986312866,)	(93.82132291793823,)	92.85274744033813
30	0.04842742022438153	93.71747970581055	99.60663318634033	99.8-94.0	99.6-87.8	(93.52632164955139,)	(93.9947247505188,)	93.06256175041199
