0	0.3716412132014613	59.76899266242981	97.3595142364502	99.6-24.9	97.3-22.2	(36.33188009262085,)	(24.920548498630524,)	67.02166199684143
1	0.26591940533492114	71.84185981750488	97.99313545227051	99.3-55.9	98.0-45.7	(62.75528073310852,)	(55.92457056045532,)	71.48677110671997
2	0.2441677400219828	74.13169145584106	98.1358289718628	99.3-62.1	98.1-50.2	(66.81157350540161,)	(62.072426080703735,)	72.33418822288513
3	0.2316034361000454	75.35645961761475	98.21814298629761	99.2-65.2	98.2-52.5	(68.87879967689514,)	(65.22522568702698,)	72.96597361564636
4	0.22470635760825006	76.04396343231201	98.26815724372864	99.2-66.9	98.2-53.9	(70.00789642333984,)	(66.85507893562317,)	73.47280383110046
5	0.221354766141357	76.34424567222595	98.29074740409851	99.2-67.5	98.3-54.4	(70.4943060874939,)	(67.54817366600037,)	73.70914816856384
6	0.2163926067396864	76.78791880607605	98.32409024238586	99.3-68.6	98.3-55.3	(71.20639085769653,)	(68.55680346488953,)	74.06902313232422
7	0.21249007677008125	77.10587978363037	98.34719896316528	99.3-69.3	98.3-55.9	(71.7125654220581,)	(69.30146813392639,)	74.29748773574829
8	0.2094800420110255	77.34124660491943	98.36575388908386	99.3-69.8	98.3-56.4	(72.08346724510193,)	(69.79519724845886,)	74.52686429023743
9	0.20690529912120093	77.55448818206787	98.3824372291565	99.3-70.2	98.3-56.8	(72.41777777671814,)	(70.24304270744324,)	74.73146319389343
10	0.20730993114123977	77.50377058982849	98.37900996208191	99.3-70.1	98.3-56.7	(72.33794927597046,)	(70.11052370071411,)	74.7115433216095
11	0.20297906024073276	77.85239219665527	98.4054446220398	99.3-70.9	98.4-57.3	(72.88210391998291,)	(70.88082432746887,)	74.99967217445374
12	0.2004781834480124	78.04069519042969	98.41979742050171	99.3-71.3	98.4-57.7	(73.17401170730591,)	(71.29054069519043,)	75.1596987247467
13	0.19849397529801743	78.17322015762329	98.42968583106995	99.3-71.6	98.4-58.0	(73.3788549900055,)	(71.58629298210144,)	75.26350021362305
14	0.19628205638755467	78.35521697998047	98.4437108039856	99.3-72.0	98.4-58.3	(73.658686876297,)	(71.97414636611938,)	75.42396783828735
15	0.1937035093676474	78.5552978515625	98.45865964889526	99.3-72.4	98.4-58.7	(73.9652931690216,)	(72.42329716682434,)	75.57437419891357
16	0.19152337361993094	78.71590852737427	98.47104549407959	99.3-72.8	98.4-59.0	(74.21001195907593,)	(72.76574373245239,)	75.71277022361755
17	0.18891207571276353	78.89723777770996	98.4847903251648	99.3-73.2	98.5-59.3	(74.48534965515137,)	(73.160320520401,)	75.85927248001099
18	0.18622348511847023	79.10568714141846	98.50069880485535	99.3-73.6	98.5-59.7	(74.80030059814453,)	(73.60458970069885,)	76.03551149368286
19	0.18380119975030193	79.28593158721924	98.51446747779846	99.3-74.0	98.5-60.1	(75.07135272026062,)	(73.98656010627747,)	76.18842124938965
20	0.18112318330196722	79.50689792633057	98.53188395500183	99.3-74.4	98.5-60.5	(75.40159821510315,)	(74.4278073310852,)	76.40121579170227
21	0.1785394790002456	79.71298694610596	98.54779839515686	99.3-74.9	98.5-60.9	(75.7082998752594,)	(74.85548257827759,)	76.58078074455261
22	0.17554409075492403	79.95021343231201	98.56641888618469	99.3-75.3	98.5-61.4	(76.05925798416138,)	(75.32268762588501,)	76.81037187576294
23	0.1729578541940185	80.17414808273315	98.58454465866089	99.3-75.7	98.6-61.8	(76.38824582099915,)	(75.73577165603638,)	77.05207467079163
24	0.17028861560757438	80.39952516555786	98.60208034515381	99.3-76.2	98.6-62.2	(76.71818733215332,)	(76.18313431739807,)	77.26079821586609
25	0.16735141627077932	80.65695762634277	98.62250685691833	99.3-76.7	98.6-62.7	(77.09257006645203,)	(76.67496800422668,)	77.5147557258606
26	0.1645286343308107	80.90783357620239	98.64284992218018	99.3-77.1	98.6-63.2	(77.45490670204163,)	(77.11250185966492,)	77.80036330223083
27	0.162002588807577	81.1326801776886	98.66049885749817	99.3-77.5	98.6-63.6	(77.77826189994812,)	(77.53960490226746,)	78.01839709281921
28	0.15936905221986006	81.37481212615967	98.68020415306091	99.3-78.0	98.6-64.1	(78.12405228614807,)	(77.95472145080566,)	78.2941222190857
29	0.15716381860610293	81.58121109008789	98.69680404663086	99.3-78.3	98.7-64.5	(78.41739654541016,)	(78.30989956855774,)	78.52518558502197
