0	0.24424987429415917	74.2669403553009	98.14257621765137	99.3-62.5	98.1-50.4	(67.04521775245667,)	(62.49758005142212,)	72.30660319328308
1	0.21800187975588012	76.74275040626526	98.31981658935547	99.2-68.5	98.3-55.2	(71.13502621650696,)	(68.48207116127014,)	74.00180697441101
2	0.21083923859290266	77.27688550949097	98.35878014564514	99.3-69.7	98.3-56.2	(71.98388576507568,)	(69.74217891693115,)	74.37449097633362
3	0.20403576906559376	77.79269814491272	98.39696288108826	99.3-70.9	98.4-57.2	(72.79260158538818,)	(70.93344330787659,)	74.75183010101318
4	0.20121191717091771	77.97961831092834	98.41189980506897	99.3-71.3	98.4-57.6	(73.0822205543518,)	(71.31171822547913,)	74.94288086891174
5	0.1991338358918554	78.17147970199585	98.42835664749146	99.3-71.6	98.4-57.9	(73.3771800994873,)	(71.63854241371155,)	75.20229816436768
6	0.19455779435416518	78.49813103675842	98.45288395881653	99.3-72.4	98.4-58.6	(73.87909889221191,)	(72.37024307250977,)	75.45220851898193
7	0.18814630405551586	78.99566888809204	98.49047660827637	99.3-73.5	98.5-59.5	(74.6357798576355,)	(73.46425652503967,)	75.84526538848877
8	0.18305170912108476	79.40022945404053	98.5211193561554	99.3-74.3	98.5-60.3	(75.2443253993988,)	(74.3426263332367,)	76.16816759109497
9	0.1761924158218056	79.95935678482056	98.56383204460144	99.3-75.5	98.5-61.4	(76.07538104057312,)	(75.52902102470398,)	76.62971019744873
10	0.16988512936797226	80.50475120544434	98.6066460609436	99.3-76.6	98.6-62.4	(76.87451839447021,)	(76.6065776348114,)	77.1443247795105
11	0.16269149544066525	81.16787075996399	98.65881204605103	99.3-77.9	98.6-63.7	(77.83220410346985,)	(77.88015007972717,)	77.7843177318573
12	0.15578852658305756	81.83004856109619	98.71222376823425	99.3-79.0	98.7-65.0	(78.77275347709656,)	(79.03472781181335,)	78.51250767707825
13	0.14877459691766667	82.50850439071655	98.76684546470642	99.3-80.2	98.7-66.3	(79.72152829170227,)	(80.17925024032593,)	79.26900386810303
14	0.14114262465584282	83.27380418777466	98.82877469062805	99.4-81.4	98.8-67.7	(80.77381253242493,)	(81.38818144798279,)	80.16864657402039
15	0.13387571384858027	84.01457667350769	98.88798594474792	99.4-82.5	98.9-69.2	(81.77546262741089,)	(82.52604603767395,)	81.03840947151184
16	0.12680970022966995	84.7675085067749	98.94791841506958	99.4-83.6	98.9-70.6	(82.7765941619873,)	(83.62776041030884,)	81.94258213043213
17	0.12038279841225223	85.45100092887878	99.0020751953125	99.5-84.6	99.0-71.9	(83.67095589637756,)	(84.56934094429016,)	82.79145359992981
18	0.11485429614733159	86.04766130447388	99.04907941818237	99.5-85.4	99.0-73.1	(84.44077968597412,)	(85.35480499267578,)	83.54612588882446
19	0.10874257240916979	86.71233654022217	99.10041093826294	99.5-86.2	99.1-74.3	(85.28712391853333,)	(86.24307513237,)	84.3521237373352
20	0.10351942782785026	87.2875988483429	99.14477467536926	99.5-87.0	99.1-75.5	(86.00969314575195,)	(86.95797920227051,)	85.08186340332031
21	0.09857161611909886	87.83288598060608	99.18610453605652	99.5-87.6	99.2-76.5	(86.68670654296875,)	(87.64810562133789,)	85.74618101119995
22	0.09396265877719011	88.35604190826416	99.22560453414917	99.6-88.3	99.2-77.5	(87.32884526252747,)	(88.27135562896729,)	86.40624284744263
23	0.0898491635031672	88.81828784942627	99.26010966300964	99.6-88.8	99.2-78.4	(87.89042234420776,)	(88.81427049636841,)	86.98559999465942
24	0.08607230332055767	89.24542665481567	99.29184913635254	99.6-89.3	99.3-79.2	(88.40447664260864,)	(89.30033445358276,)	87.52641081809998
25	0.08240350257636499	89.66641426086426	99.32262301445007	99.6-89.8	99.3-80.0	(88.9068603515625,)	(89.78572487831116,)	88.04503679275513
26	0.0790569762707102	90.05131721496582	99.35073852539062	99.6-90.2	99.3-80.8	(89.36224579811096,)	(90.20864367485046,)	88.53158354759216
27	0.07607315145390971	90.40109515190125	99.37596917152405	99.6-90.6	99.4-81.4	(89.77301716804504,)	(90.59581756591797,)	88.96503448486328
28	0.07357628698504536	90.6950056552887	99.39707517623901	99.7-90.9	99.4-82.0	(90.11591076850891,)	(90.91381430625916,)	89.33188915252686
29	0.07140659765896303	90.94860553741455	99.41516518592834	99.7-91.2	99.4-82.5	(90.41012525558472,)	(91.1884069442749,)	89.64502215385437
