1	0.23502765144344423	75.15068054199219	98.20894598960876	99.3-64.5	98.2-52.1	(68.53178143501282,)	(64.51154947280884,)	73.0863869190216
2	0.21070555184235593	77.24556922912598	98.3555793762207	99.2-69.7	98.3-56.2	(71.9352126121521,)	(69.71039175987244,)	74.306720495224
3	0.2016078960504299	77.90418863296509	98.40418100357056	99.3-71.2	98.4-57.4	(72.9669451713562,)	(71.24015688896179,)	74.77951645851135
4	0.19373582284873578	78.4837007522583	98.4488844871521	99.3-72.5	98.4-58.6	(73.85944128036499,)	(72.48710989952087,)	75.28472542762756
5	0.18549098135904676	79.09796237945557	98.49547743797302	99.3-73.8	98.5-59.7	(74.79247450828552,)	(73.83605241775513,)	75.77399015426636
6	0.1776109763288586	79.76140975952148	98.5460877418518	99.3-75.3	98.5-61.0	(75.78455805778503,)	(75.2549946308136,)	76.32163166999817
7	0.169865668225369	80.42523860931396	98.59844446182251	99.3-76.6	98.6-62.3	(76.76020860671997,)	(76.56160593032837,)	76.95983648300171
8	0.16115344118438446	81.21784925460815	98.66173267364502	99.3-78.0	98.6-63.8	(77.90456414222717,)	(78.03773880004883,)	77.77184844017029
9	0.15262651406480413	82.02773332595825	98.72736930847168	99.3-79.4	98.7-65.4	(79.05133366584778,)	(79.43732142448425,)	78.66907715797424
10	0.14417128418965044	82.87681341171265	98.79608154296875	99.4-80.8	98.8-67.0	(80.23069500923157,)	(80.80867528915405,)	79.66092228889465
11	0.13515203002257378	83.81369709968567	98.87188076972961	99.4-82.2	98.8-68.8	(81.50555491447449,)	(82.22832679748535,)	80.79538345336914
12	0.126381867010499	84.73745584487915	98.9456295967102	99.4-83.6	98.9-70.6	(82.73687362670898,)	(83.57469439506531,)	81.91568851470947
13	0.11887810440075566	85.55859327316284	99.01115894317627	99.5-84.7	99.0-72.1	(83.81009697914124,)	(84.65778231620789,)	82.97922611236572
14	0.11205604525987019	86.29870414733887	99.06895160675049	99.5-85.7	99.0-73.6	(84.76155400276184,)	(85.65435409545898,)	83.8871717453003
15	0.10489191835583053	87.08778619766235	99.12987947463989	99.5-86.7	99.1-75.1	(85.75938940048218,)	(86.66247725486755,)	84.87493991851807
16	0.09901725212999614	87.74796724319458	99.18025732040405	99.5-87.5	99.2-76.3	(86.5814208984375,)	(87.47913837432861,)	85.70194244384766
17	0.09366466706266048	88.35059404373169	99.2257297039032	99.6-88.2	99.2-77.5	(87.32183575630188,)	(88.1993055343628,)	86.46165728569031
18	0.08836697946174858	88.95054459571838	99.2703914642334	99.6-88.9	99.3-78.7	(88.0497932434082,)	(88.91064524650574,)	87.20544576644897
19	0.08380998123835362	89.47198390960693	99.30878281593323	99.6-89.5	99.3-79.7	(88.67515325546265,)	(89.51199650764465,)	87.85380721092224
20	0.07961350535711241	89.95704650878906	99.3442177772522	99.6-90.1	99.3-80.6	(89.25081491470337,)	(90.05367159843445,)	88.46214413642883
21	0.07564259453599281	90.42311906814575	99.37785267829895	99.7-90.6	99.4-81.5	(89.7986114025116,)	(90.57454466819763,)	89.03586268424988
22	0.07199818611457459	90.8507227897644	99.40845966339111	99.7-91.0	99.4-82.3	(90.29658436775208,)	(91.04351997375488,)	89.56181406974792
23	0.06840473262419838	91.27998948097229	99.43891763687134	99.7-91.5	99.4-83.1	(90.7921552658081,)	(91.50024652481079,)	90.0949478149414
24	0.06502164640740947	91.68083667755127	99.4671106338501	99.7-91.9	99.5-83.9	(91.2510335445404,)	(91.91982746124268,)	90.59189558029175
25	0.06184105603120314	92.06130504608154	99.49369430541992	99.7-92.3	99.5-84.6	(91.68313145637512,)	(92.31643676757812,)	91.0584568977356
26	0.05873773495636098	92.44000911712646	99.51984882354736	99.7-92.7	99.5-85.4	(92.11001396179199,)	(92.70991683006287,)	91.51782989501953
27	0.055941750563972575	92.7824079990387	99.54333305358887	99.7-93.1	99.5-86.0	(92.49317646026611,)	(93.05765628814697,)	91.93549752235413
28	0.05338715889769398	93.09821128845215	99.56488013267517	99.8-93.4	99.6-86.6	(92.84423589706421,)	(93.37930679321289,)	92.31525659561157
29	0.05137302384727394	93.34975481033325	99.58188533782959	99.8-93.6	99.6-87.1	(93.12231540679932,)	(93.63017678260803,)	92.61993765830994
30	0.049931139467675086	93.53223443031311	99.59418773651123	99.8-93.8	99.6-87.5	(93.32315921783447,)	(93.81265044212341,)	92.83875823020935
