1	0.058593644359354734	70.08072137832642	97.87899255752563	99.3-51.5	97.8-42.3	(59.46763753890991,)	(51.46721601486206,)	70.41316628456116
2	0.04681528865087463	74.68804121017456	98.20207357406616	99.3-62.4	98.2-51.2	(67.73238778114319,)	(62.41886019706726,)	74.03472661972046
3	0.04392925872727125	75.88191032409668	98.28431010246277	99.3-65.3	98.2-53.5	(69.71879005432129,)	(65.33108353614807,)	74.73829388618469
4	0.042103892062336126	76.6061544418335	98.33510518074036	99.3-67.1	98.3-54.9	(70.89416980743408,)	(67.06891655921936,)	75.18215775489807
5	0.04083035506757249	77.06857919692993	98.36763739585876	99.3-68.2	98.3-55.8	(71.63348197937012,)	(68.17488074302673,)	75.46175122261047
6	0.03968382734911491	77.45376825332642	98.39498400688171	99.3-69.1	98.4-56.5	(72.242671251297,)	(69.08774971961975,)	75.69952011108398
7	0.03870926913760329	77.79039144515991	98.42076301574707	99.3-69.8	98.4-57.2	(72.76873588562012,)	(69.79789137840271,)	76.00372433662415
8	0.03781002092160793	78.1102180480957	98.44496846199036	99.3-70.5	98.4-57.8	(73.26476573944092,)	(70.48144936561584,)	76.27695202827454
9	0.03694114631688953	78.40202450752258	98.4666645526886	99.3-71.1	98.4-58.4	(73.7143337726593,)	(71.11673951148987,)	76.50887370109558
10	0.03616514944091214	78.68870496749878	98.48830699920654	99.3-71.7	98.5-58.9	(74.15258288383484,)	(71.7318058013916,)	76.74244046211243
