0	0.2626017336850579	72.68799543380737	98.06135892868042	99.3-57.7	98.0-47.3	(64.26784992218018,)	(57.66902565956116,)	72.57194519042969
1	0.23508187204105233	75.35626292228699	98.24019074440002	99.3-64.4	98.2-52.5	(68.85868310928345,)	(64.35641050338745,)	74.03828501701355
2	0.2268911918657619	76.06035470962524	98.28519821166992	99.3-66.2	98.3-53.9	(70.02060413360596,)	(66.24369025230408,)	74.25424456596375
3	0.2186633759026499	76.72500610351562	98.32836985588074	99.3-68.0	98.3-55.2	(71.09808921813965,)	(68.01292300224304,)	74.47644472122192
4	0.2134195583154665	77.14477777481079	98.35648536682129	99.3-69.1	98.3-56.0	(71.76867723464966,)	(69.09884214401245,)	74.65313076972961
5	0.2100441537897	77.40110754966736	98.37639927864075	99.3-69.7	98.3-56.5	(72.17238545417786,)	(69.65164542198181,)	74.88243579864502
6	0.20774921735644303	77.59888172149658	98.39025139808655	99.3-70.1	98.4-56.8	(72.48344421386719,)	(70.13192772865295,)	74.99812245368958
7	0.20459760519863615	77.8210997581482	98.406583070755	99.3-70.6	98.4-57.3	(72.83046841621399,)	(70.64356803894043,)	75.15709400177002
8	0.20123527504273445	78.06745767593384	98.42531085014343	99.3-71.2	98.4-57.7	(73.21246862411499,)	(71.19084000587463,)	75.35227537155151
9	0.19875816981495867	78.25205326080322	98.43867421150208	99.3-71.6	98.4-58.1	(73.49776029586792,)	(71.61257266998291,)	75.4848837852478
10	0.1983165223641994	78.31313610076904	98.4448492527008	99.3-71.7	98.4-58.2	(73.59042167663574,)	(71.66897058486938,)	75.6177306175232
11	0.194218010599656	78.62021327018738	98.46751689910889	99.3-72.4	98.4-58.8	(74.061119556427,)	(72.36624360084534,)	75.8372962474823
12	0.19155510679650176	78.80676984786987	98.48231077194214	99.3-72.7	98.4-59.2	(74.34451580047607,)	(72.7379322052002,)	76.02366209030151
13	0.18810315956334606	79.05294895172119	98.50098490715027	99.3-73.3	98.5-59.6	(74.7172474861145,)	(73.26750755310059,)	76.22550129890442
14	0.18467310257675815	79.29919362068176	98.51952195167542	99.3-73.8	98.5-60.1	(75.08794069290161,)	(73.80203604698181,)	76.41945481300354
15	0.1795337066499316	79.68912124633789	98.54924082756042	99.3-74.6	98.5-60.9	(75.67021250724792,)	(74.62422251701355,)	76.74593329429626
16	0.17545360509313387	80.01389503479004	98.57434630393982	99.3-75.3	98.5-61.5	(76.15075707435608,)	(75.28353333473206,)	77.03819870948792
17	0.1707624561973132	80.38862943649292	98.602956533432	99.3-76.1	98.6-62.2	(76.70090198516846,)	(76.06112957000732,)	77.35152840614319
18	0.166346789762277	80.771803855896	98.63262176513672	99.3-76.8	98.6-62.9	(77.25807428359985,)	(76.82558298110962,)	77.69545316696167
19	0.16384318427477182	81.01760149002075	98.65280985832214	99.3-77.2	98.6-63.4	(77.61191725730896,)	(77.23894715309143,)	77.98849940299988
20	0.15748834871451317	81.56781196594238	98.6951470375061	99.3-78.3	98.7-64.5	(78.39884757995605,)	(78.32768559455872,)	78.4701406955719
21	0.15122159122485196	82.17155933380127	98.7423837184906	99.3-79.4	98.7-65.6	(79.25015091896057,)	(79.44424748420715,)	79.05699610710144
22	0.14557813362057123	82.72480964660645	98.78637194633484	99.4-80.4	98.8-66.7	(80.01929521560669,)	(80.38522005081177,)	79.65669631958008
23	0.13970815615952784	83.32165479660034	98.8337755203247	99.4-81.4	98.8-67.8	(80.83814978599548,)	(81.37570023536682,)	80.30766248703003
24	0.133192346914967	84.00211334228516	98.88825416564941	99.4-82.4	98.9-69.1	(81.75783157348633,)	(82.40690231323242,)	81.11889958381653
25	0.12684981383986565	84.68538522720337	98.94250631332397	99.4-83.4	98.9-70.5	(82.66740441322327,)	(83.41910243034363,)	81.9291353225708
26	0.12019155883480341	85.40574908256531	98.99919629096985	99.5-84.4	99.0-71.8	(83.61166715621948,)	(84.44923758506775,)	82.79054760932922
27	0.1139471719286741	86.0950231552124	99.05318021774292	99.5-85.4	99.0-73.2	(84.5011830329895,)	(85.38042306900024,)	83.6398720741272
28	0.10801593776665153	86.75112724304199	99.10398125648499	99.5-86.2	99.1-74.4	(85.33574342727661,)	(86.23774647712708,)	84.4524085521698
29	0.10285871213749387	87.3311698436737	99.1483986377716	99.5-87.0	99.1-75.5	(86.06387972831726,)	(86.9778573513031,)	85.1689100265503
