1	0.2413781323966121	74.43337440490723	98.15112352371216	99.2-63.0	98.1-50.8	(67.33137965202332,)	(63.02382946014404,)	72.27094769477844
2	0.21934766846145842	76.6042172908783	98.31022620201111	99.3-68.1	98.3-54.9	(70.91256380081177,)	(68.13169717788696,)	73.93009662628174
3	0.2100189851863215	77.3320198059082	98.36274981498718	99.3-69.9	98.3-56.3	(72.07093238830566,)	(69.8770523071289,)	74.4070291519165
4	0.2057599755806437	77.65094041824341	98.38783740997314	99.3-70.5	98.4-56.9	(72.57021069526672,)	(70.54575681686401,)	74.71427917480469
5	0.20136553117392508	77.96818017959595	98.41209053993225	99.3-71.2	98.4-57.6	(73.06360006332397,)	(71.23584151268005,)	74.98762011528015
6	0.19523459447683325	78.43303084373474	98.44679832458496	99.3-72.3	98.4-58.5	(73.78036975860596,)	(72.28698134422302,)	75.336754322052
7	0.18938696988500267	78.86125445365906	98.47866296768188	99.3-73.3	98.4-59.3	(74.43361282348633,)	(73.25373888015747,)	75.65211653709412
8	0.18443630199222144	79.23805713653564	98.50783944129944	99.3-74.0	98.5-60.0	(75.00189542770386,)	(74.0426242351532,)	75.98634362220764
9	0.18070523945179318	79.58544492721558	98.53541851043701	99.3-74.7	98.5-60.7	(75.52074193954468,)	(74.73102807998657,)	76.3273298740387
10	0.17423222463035865	80.11138439178467	98.57532978057861	99.3-75.9	98.5-61.7	(76.2995183467865,)	(75.85580945014954,)	76.74846053123474
11	0.1669642850198931	80.75615763664246	98.62613081932068	99.3-77.1	98.6-62.9	(77.23959684371948,)	(77.11607217788696,)	77.36350893974304
12	0.15995838460965228	81.4023494720459	98.67687821388245	99.3-78.3	98.6-64.2	(78.16757559776306,)	(78.34765315055847,)	77.98832654953003
13	0.15467910179466546	81.93137049674988	98.72024059295654	99.3-79.2	98.7-65.2	(78.91550064086914,)	(79.22132015228271,)	78.61202955245972
14	0.14727766491012156	82.65825510025024	98.77872467041016	99.4-80.4	98.7-66.6	(79.9290657043457,)	(80.437570810318,)	79.42696213722229
15	0.13996814259826293	83.39942693710327	98.83830547332764	99.4-81.6	98.8-68.0	(80.94525337219238,)	(81.61672353744507,)	80.28473258018494
16	0.13264284013720745	84.14644002914429	98.89826774597168	99.4-82.7	98.9-69.4	(81.95218443870544,)	(82.74161219596863,)	81.17768168449402
17	0.12527415950117538	84.92528796195984	98.96025061607361	99.4-83.9	98.9-70.9	(82.9844057559967,)	(83.87050032615662,)	82.1168303489685
18	0.11885452428047052	85.62544584274292	99.01557564735413	99.5-84.8	99.0-72.3	(83.89726877212524,)	(84.8276674747467,)	82.98704624176025
19	0.11271462842632572	86.28004789352417	99.06667470932007	99.5-85.7	99.0-73.5	(84.7383439540863,)	(85.70485711097717,)	83.79338383674622
20	0.10974045954968514	86.62632703781128	99.09412264823914	99.5-86.1	99.1-74.2	(85.17805337905884,)	(86.1032485961914,)	84.27252769470215
21	0.10337024130117861	87.30270862579346	99.14577603340149	99.5-87.0	99.1-75.5	(86.02866530418396,)	(86.99226379394531,)	85.08617877960205
22	0.0978064423016796	87.91842460632324	99.19254183769226	99.5-87.8	99.2-76.7	(86.79221868515015,)	(87.7558708190918,)	85.84949970245361
23	0.09316413562069602	88.44560384750366	99.23217296600342	99.6-88.4	99.2-77.7	(87.43816018104553,)	(88.39131593704224,)	86.50534749031067
24	0.08911639513419095	88.89950513839722	99.266117811203	99.6-88.9	99.2-78.6	(87.98853754997253,)	(88.91253471374512,)	87.08354830741882
25	0.08531128365219033	89.33276534080505	99.2982029914856	99.6-89.4	99.3-79.4	(88.50909471511841,)	(89.41452503204346,)	87.62181997299194
26	0.08182821441675654	89.73262310028076	99.32742714881897	99.6-89.9	99.3-80.2	(88.98547291755676,)	(89.86591696739197,)	88.12211155891418
27	0.0785166439063564	90.11931419372559	99.35556650161743	99.6-90.3	99.3-80.9	(89.442378282547,)	(90.29625654220581,)	88.6044979095459
28	0.07559419995898241	90.461266040802	99.3802547454834	99.7-90.7	99.4-81.6	(89.84341025352478,)	(90.66640138626099,)	89.03522491455078
29	0.07293962884133026	90.77320098876953	99.40264821052551	99.7-91.0	99.4-82.2	(90.2068018913269,)	(91.00384712219238,)	89.42360281944275
30	0.0709196409334699	91.01125001907349	99.41966533660889	99.7-91.3	99.4-82.6	(90.48253893852234,)	(91.25744104385376,)	89.72068428993225
