1	0.23122648700606377	75.22488832473755	98.20626378059387	99.2-65.0	98.2-52.3	(68.66254806518555,)	(65.00017642974854,)	72.76226282119751
2	0.20865675765800326	77.3443341255188	98.36319088935852	99.2-69.9	98.3-56.4	(72.09072709083557,)	(69.92688179016113,)	74.39276576042175
3	0.1986091468238535	78.06018590927124	98.41654300689697	99.3-71.6	98.4-57.7	(73.20812344551086,)	(71.55606150627136,)	74.9382734298706
4	0.1890219311683852	78.78130674362183	98.47041964530945	99.3-73.2	98.4-59.1	(74.31408166885376,)	(73.19225668907166,)	75.47081708908081
5	0.1803950473416719	79.45172786712646	98.52162003517151	99.3-74.6	98.5-60.4	(75.32413005828857,)	(74.6361494064331,)	76.02490782737732
6	0.17202037890697786	80.18490672111511	98.57937693595886	99.3-76.1	98.5-61.8	(76.408851146698,)	(76.09975337982178,)	76.72046422958374
7	0.16254907153865847	81.03562593460083	98.64730834960938	99.3-77.7	98.6-63.5	(77.64326930046082,)	(77.69882082939148,)	77.58780121803284
8	0.1535877473730323	81.90379738807678	98.7172782421112	99.3-79.2	98.7-65.1	(78.87728214263916,)	(79.22082543373108,)	78.5366952419281
9	0.14445598350078617	82.81753063201904	98.7912654876709	99.4-80.7	98.8-66.9	(80.14911413192749,)	(80.71649670600891,)	79.5896589756012
10	0.13549561897341908	83.75810980796814	98.86768460273743	99.4-82.1	98.8-68.7	(81.43043518066406,)	(82.12565183639526,)	80.74689507484436
11	0.12687694104160474	84.6856951713562	98.94214868545532	99.4-83.5	98.9-70.5	(82.66808986663818,)	(83.45086574554443,)	81.8998634815216
12	0.11861675190970215	85.57435274124146	99.01233911514282	99.5-84.7	99.0-72.2	(83.83055925369263,)	(84.6884548664093,)	82.98987150192261
13	0.11113597817613437	86.39087677001953	99.07624125480652	99.5-85.8	99.1-73.7	(84.87890362739563,)	(85.75788140296936,)	84.01775360107422
14	0.1052409234041131	87.0452880859375	99.12694692611694	99.5-86.6	99.1-75.0	(85.70586442947388,)	(86.5770697593689,)	84.85201597213745
15	0.09868654110831739	87.77765035629272	99.18265342712402	99.5-87.5	99.2-76.4	(86.61801218986511,)	(87.49558925628662,)	85.75786352157593
16	0.09370866028714328	88.34047317504883	99.22518134117126	99.6-88.2	99.2-77.5	(87.30932474136353,)	(88.16094994544983,)	86.47399544715881
17	0.08905585262839276	88.86848092079163	99.26452040672302	99.6-88.8	99.2-78.5	(87.95061707496643,)	(88.78544569015503,)	87.13134527206421
18	0.08412492234458942	89.43700194358826	99.30639863014221	99.6-89.5	99.3-79.6	(88.63328695297241,)	(89.45363163948059,)	87.82785534858704
19	0.08019279723228973	89.88818526268005	99.33931827545166	99.6-90.0	99.3-80.5	(89.1693651676178,)	(89.96031880378723,)	88.39218616485596
20	0.07648088526072463	90.31833410263062	99.37045574188232	99.6-90.4	99.4-81.3	(89.67580795288086,)	(90.43800830841064,)	88.92635703086853
21	0.07281241949775999	90.74816107749939	99.40126538276672	99.7-90.9	99.4-82.1	(90.17745852470398,)	(90.91498255729675,)	89.45180773735046
22	0.06937308791897116	91.15851521492004	99.43042993545532	99.7-91.4	99.4-82.9	(90.65228700637817,)	(91.35319590568542,)	89.9620532989502
23	0.06596417982054482	91.56212210655212	99.45887327194214	99.7-91.8	99.4-83.7	(91.11546277999878,)	(91.78218841552734,)	90.45834541320801
24	0.06275872549588425	91.94599986076355	99.48570132255554	99.7-92.2	99.5-84.4	(91.55250787734985,)	(92.18425154685974,)	90.92936515808105
25	0.05967583803442611	92.32021570205688	99.51162934303284	99.7-92.6	99.5-85.1	(91.97530746459961,)	(92.57192611694336,)	91.38632416725159
26	0.05678313441771873	92.67354011535645	99.53594207763672	99.7-92.9	99.5-85.8	(92.37158298492432,)	(92.9349422454834,)	91.81501865386963
27	0.054083101543599674	93.00562143325806	99.55862760543823	99.8-93.3	99.5-86.5	(92.74150729179382,)	(93.27150583267212,)	92.21749901771545
28	0.051729213259274626	93.30223798751831	99.5787262916565	99.8-93.6	99.6-87.0	(93.06987524032593,)	(93.5742974281311,)	92.57086515426636
29	0.04983974756965029	93.53755712509155	99.59457516670227	99.8-93.8	99.6-87.5	(93.32898259162903,)	(93.80671977996826,)	92.85609722137451
30	0.04852761268970741	93.7046229839325	99.60579872131348	99.8-94.0	99.6-87.8	(93.51222515106201,)	(93.97407174110413,)	93.0548906326294
