1	0.24023681479528383	74.5974063873291	98.16074967384338	99.2-63.5	98.1-51.1	(67.61110424995422,)	(63.498830795288086,)	72.29288816452026
2	0.21435992196154302	76.95815563201904	98.33179712295532	99.2-69.2	98.3-55.6	(71.48192524909973,)	(69.15675401687622,)	73.96889925003052
3	0.20626678281323954	77.57762670516968	98.37805032730103	99.2-70.6	98.3-56.8	(72.45920300483704,)	(70.5755352973938,)	74.4461715221405
4	0.19955728652227983	78.06730270385742	98.41477870941162	99.2-71.7	98.4-57.8	(73.22109341621399,)	(71.68754935264587,)	74.82168674468994
5	0.1938504112886801	78.4794807434082	98.44632148742676	99.3-72.6	98.4-58.5	(73.85483980178833,)	(72.5867211818695,)	75.16805529594421
6	0.18717607669172484	79.00162935256958	98.48689436912537	99.3-73.7	98.5-59.6	(74.64810609817505,)	(73.6825942993164,)	75.63926577568054
7	0.1798176115075293	79.60540056228638	98.53359460830688	99.3-75.0	98.5-60.7	(75.55318474769592,)	(74.95275139808655,)	76.16330981254578
8	0.17236872834344774	80.22516965866089	98.58161211013794	99.3-76.2	98.5-61.9	(76.46862268447876,)	(76.23316645622253,)	76.70554518699646
9	0.16565032003367056	80.82666397094727	98.62928986549377	99.3-77.4	98.6-63.1	(77.3434042930603,)	(77.38866806030273,)	77.29820609092712
10	0.15923064482366547	81.438148021698	98.67897033691406	99.3-78.5	98.6-64.2	(78.21914553642273,)	(78.46238613128662,)	77.9774010181427
11	0.15097854121876622	82.2437584400177	98.74378442764282	99.3-79.9	98.7-65.8	(79.35441136360168,)	(79.85782027244568,)	78.85730266571045
12	0.1442399687731623	82.92292952537537	98.79900813102722	99.4-80.9	98.8-67.1	(80.2946925163269,)	(80.93686103820801,)	79.66263890266418
13	0.1357566968598436	83.79704356193542	98.86941313743591	99.4-82.3	98.8-68.8	(81.48394823074341,)	(82.28504657745361,)	80.69828748703003
14	0.129520773572196	84.45574045181274	98.92271757125854	99.4-83.2	98.9-70.0	(82.36439824104309,)	(83.21149945259094,)	81.53437376022339
15	0.12262903412063987	85.19130945205688	98.98106455802917	99.4-84.3	99.0-71.4	(83.33306312561035,)	(84.26623344421387,)	82.42034316062927
16	0.11579780195793526	85.92188358306885	99.03846383094788	99.5-85.3	99.0-72.8	(84.27984714508057,)	(85.25996208190918,)	83.32201838493347
17	0.1099260941706118	86.56423687934875	99.0885853767395	99.5-86.1	99.1-74.1	(85.09989380836487,)	(86.09351515769958,)	84.12894606590271
18	0.10515621407659148	87.08893656730652	99.12923574447632	99.5-86.7	99.1-75.1	(85.76134443283081,)	(86.74026131629944,)	84.80426669120789
19	0.09999418641750611	87.66036033630371	99.17285442352295	99.5-87.5	99.2-76.2	(86.47350668907166,)	(87.45642304420471,)	85.51242351531982
20	0.0957064301633688	88.14743757247925	99.20974373817444	99.6-88.0	99.2-77.1	(87.07374930381775,)	(88.03903460502625,)	86.12939715385437
21	0.09155991374942578	88.61066102981567	99.24455285072327	99.6-88.6	99.2-78.0	(87.63889670372009,)	(88.58301639556885,)	86.71468496322632
22	0.0876676169060967	89.05543088912964	99.27756786346436	99.6-89.1	99.3-78.9	(88.17649483680725,)	(89.10670876502991,)	87.26550936698914
23	0.08397228903924543	89.4787847995758	99.308842420578	99.6-89.6	99.3-79.7	(88.68353962898254,)	(89.58351612091064,)	87.80147433280945
24	0.08051918159285171	89.8726761341095	99.33761954307556	99.6-90.0	99.3-80.4	(89.15139436721802,)	(90.02466201782227,)	88.29489350318909
25	0.07729118575983071	90.2466893196106	99.3648111820221	99.6-90.4	99.3-81.1	(89.59208130836487,)	(90.43746590614319,)	88.76234889030457
26	0.07430037805068151	90.59615731239319	99.38989281654358	99.7-90.8	99.4-81.8	(90.00088572502136,)	(90.8225417137146,)	89.19396996498108
27	0.07159441128266401	90.91851115226746	99.41298365592957	99.7-91.2	99.4-82.4	(90.37531614303589,)	(91.1661446094513,)	89.59808945655823
28	0.06897177977855656	91.22679233551025	99.43488240242004	99.7-91.5	99.4-83.0	(90.73114395141602,)	(91.48900508880615,)	89.98574614524841
29	0.06671044520457459	91.4962887763977	99.45388436317444	99.7-91.8	99.4-83.6	(91.04040861129761,)	(91.77835583686829,)	90.31423330307007
30	0.06492480831952371	91.71103239059448	99.46897625923157	99.7-92.0	99.5-84.0	(91.28559827804565,)	(91.99866056442261,)	90.58350324630737
