1	0.23392968939069156	75.19508600234985	98.20992946624756	99.3-64.7	98.2-52.2	(68.60772967338562,)	(64.70368504524231,)	73.01313877105713
2	0.21234221956035973	77.10381746292114	98.34566712379456	99.2-69.4	98.3-55.9	(71.71049118041992,)	(69.35639381408691,)	74.23000931739807
3	0.20415458584016014	77.7238130569458	98.39245080947876	99.3-70.7	98.4-57.1	(72.68470525741577,)	(70.74772715568542,)	74.73071813583374
4	0.19619291289772475	78.29630374908447	98.43507409095764	99.3-72.1	98.4-58.2	(73.57166409492493,)	(72.05417156219482,)	75.15444755554199
5	0.18911831185919714	78.78625392913818	98.47226738929749	99.3-73.1	98.4-59.1	(74.32035803794861,)	(73.13272953033447,)	75.547194480896
6	0.18173537429611644	79.36061024665833	98.51542711257935	99.3-74.4	98.5-60.2	(75.18717050552368,)	(74.40064549446106,)	75.99051594734192
7	0.17516242950574207	79.91917133331299	98.55870008468628	99.3-75.6	98.5-61.3	(76.01768374443054,)	(75.55748224258423,)	76.48352384567261
8	0.1679256151769735	80.53927421569824	98.60711693763733	99.3-76.8	98.6-62.5	(76.92651748657227,)	(76.80280804634094,)	77.05063223838806
9	0.1610014701942168	81.19280338287354	98.65930080413818	99.3-78.0	98.6-63.8	(77.86906957626343,)	(78.03096771240234,)	77.707839012146
10	0.15417273884191773	81.84571266174316	98.71190190315247	99.3-79.2	98.7-65.0	(78.79604697227478,)	(79.16725277900696,)	78.4282922744751
11	0.14674049696158822	82.59225487709045	98.7729549407959	99.3-80.4	98.7-66.4	(79.83810305595398,)	(80.36379218101501,)	79.3192446231842
12	0.13944552801801305	83.3414375782013	98.83326292037964	99.4-81.6	98.8-67.9	(80.8666467666626,)	(81.55569434165955,)	80.18914461135864
13	0.13193988902656228	84.13789868354797	98.89742136001587	99.4-82.7	98.9-69.4	(81.94088339805603,)	(82.73734450340271,)	81.1596155166626
14	0.1248710648731208	84.89376902580261	98.95790815353394	99.4-83.8	98.9-70.9	(82.94284343719482,)	(83.81056785583496,)	82.09290504455566
15	0.11833927878409538	85.60585975646973	99.01430606842041	99.5-84.8	99.0-72.2	(83.87172818183899,)	(84.77562069892883,)	82.98690915107727
16	0.11223119481347371	86.27289533615112	99.06649589538574	99.5-85.7	99.0-73.5	(84.72896218299866,)	(85.66229939460754,)	83.81574749946594
17	0.10665704983035289	86.8906557559967	99.11437034606934	99.5-86.5	99.1-74.7	(85.51194071769714,)	(86.45289540290833,)	84.5912516117096
18	0.1015806224191752	87.46126890182495	99.15817975997925	99.5-87.2	99.1-75.8	(86.22604608535767,)	(87.15880513191223,)	85.31303405761719
19	0.09693860196666186	87.97920942306519	99.19743537902832	99.6-87.8	99.2-76.8	(86.86686158180237,)	(87.79301047325134,)	85.96005439758301
20	0.09236832670309729	88.49695920944214	99.23638701438904	99.6-88.4	99.2-77.8	(87.50045895576477,)	(88.40839862823486,)	86.61097288131714
21	0.08837316046347175	88.95057439804077	99.27020072937012	99.6-88.9	99.3-78.7	(88.04996013641357,)	(88.93349170684814,)	87.18380928039551
22	0.08482476931541477	89.35797214508057	99.30028319358826	99.6-89.4	99.3-79.4	(88.53908181190491,)	(89.40383791923523,)	87.69088983535767
23	0.08109769390065988	89.79133367538452	99.33199882507324	99.6-89.9	99.3-80.3	(89.05489444732666,)	(89.89189267158508,)	88.23333978652954
24	0.07769273114327703	90.18170833587646	99.36033487319946	99.6-90.3	99.3-81.0	(89.51560258865356,)	(90.3239369392395,)	88.72160911560059
25	0.07442822152807474	90.56580066680908	99.38802719116211	99.7-90.7	99.4-81.8	(89.96529579162598,)	(90.74660539627075,)	89.19732570648193
26	0.0713597334359448	90.92543125152588	99.4137167930603	99.7-91.1	99.4-82.5	(90.38317799568176,)	(91.13491773605347,)	89.6437406539917
27	0.06854849881525538	91.26322269439697	99.43765997886658	99.7-91.5	99.4-83.1	(90.77292680740356,)	(91.49431586265564,)	90.06282091140747
28	0.06595907378141184	91.57252311706543	99.45948123931885	99.7-91.8	99.4-83.7	(91.1274254322052,)	(91.82239174842834,)	90.44289588928223
29	0.06371857935331249	91.8452501296997	99.47855472564697	99.7-92.1	99.5-84.2	(91.43821001052856,)	(92.10402965545654,)	90.78194499015808
30	0.06195655733458482	92.05462336540222	99.49315190315247	99.7-92.3	99.5-84.6	(91.67562127113342,)	(92.32009649276733,)	91.0400927066803
