1	0.23686006234170773	75.04816055297852	98.20507764816284	99.3-64.1	98.2-51.9	(68.35758686065674,)	(64.13238644599915,)	73.17878603935242
2	0.21363871185623556	77.07400918006897	98.34451079368591	99.3-69.2	98.3-55.8	(71.66234254837036,)	(69.24270391464233,)	74.2572009563446
3	0.20668639631429778	77.58082151412964	98.38218092918396	99.3-70.4	98.3-56.8	(72.46090173721313,)	(70.41376829147339,)	74.6306300163269
4	0.20115278280086465	78.0168890953064	98.41538667678833	99.3-71.4	98.4-57.7	(73.13936352729797,)	(71.36629819869995,)	75.00277757644653
5	0.19564366770676755	78.42326164245605	98.44663143157959	99.3-72.2	98.4-58.4	(73.76493215560913,)	(72.23449945449829,)	75.36160945892334
6	0.18869431236433795	78.93338203430176	98.48553538322449	99.3-73.3	98.5-59.4	(74.54172968864441,)	(73.33887219429016,)	75.7847011089325
7	0.18388784580479609	79.30777668952942	98.51580262184143	99.3-74.1	98.5-60.1	(75.10439157485962,)	(74.0524411201477,)	76.18666291236877
8	0.1780148547644087	79.75249290466309	98.54974746704102	99.3-75.0	98.5-61.0	(75.76782703399658,)	(74.99461770057678,)	76.55713558197021
9	0.17084482512499774	80.37291169166565	98.59814047813416	99.3-76.2	98.6-62.2	(76.68080925941467,)	(76.24189257621765,)	77.12481617927551
10	0.16161332173897847	81.19674324989319	98.66280555725098	99.3-77.8	98.6-63.8	(77.87221074104309,)	(77.82974243164062,)	77.91473269462585
11	0.15380106387385248	81.9473147392273	98.72339367866516	99.3-79.1	98.7-65.2	(78.9364755153656,)	(79.12542819976807,)	78.7484347820282
12	0.14640287552040887	82.70336389541626	98.78476858139038	99.4-80.3	98.8-66.7	(79.98959422111511,)	(80.34127354621887,)	79.64098453521729
13	0.13972154126909764	83.3886981010437	98.84030222892761	99.4-81.4	98.8-68.0	(80.92854022979736,)	(81.39069080352783,)	80.47160506248474
14	0.1310505954955308	84.27715301513672	98.91095161437988	99.4-82.8	98.9-69.7	(82.12503790855408,)	(82.7557384967804,)	81.50388598442078
15	0.12194247291401192	85.2450966835022	98.98734092712402	99.4-84.2	99.0-71.5	(83.4018349647522,)	(84.15659070014954,)	82.66050219535828
16	0.11449458779879898	86.04512214660645	99.04980063438416	99.5-85.3	99.0-73.1	(84.43686962127686,)	(85.26201248168945,)	83.62755179405212
17	0.10841622740583205	86.7139458656311	99.10168051719666	99.5-86.1	99.1-74.4	(85.28835773468018,)	(86.13526225090027,)	84.45795178413391
18	0.10268548643936122	87.34704256057739	99.1503119468689	99.5-86.9	99.1-75.6	(86.08319163322449,)	(86.92907094955444,)	85.2536141872406
19	0.09717324027864782	87.96191215515137	99.19679760932922	99.6-87.7	99.2-76.7	(86.84512972831726,)	(87.6967191696167,)	86.00992560386658
20	0.09191326053569625	88.55328559875488	99.24108982086182	99.6-88.4	99.2-77.9	(87.56864070892334,)	(88.41966390609741,)	86.73384189605713
21	0.08679400849247834	89.13601636886597	99.28420782089233	99.6-89.1	99.3-79.0	(88.27292919158936,)	(89.1109824180603,)	87.45050430297852
22	0.08259404733050218	89.61730003356934	99.31959509849548	99.6-89.7	99.3-79.9	(88.8481080532074,)	(89.65705633163452,)	88.05363774299622
23	0.07828164688795469	90.11659622192383	99.35581684112549	99.6-90.2	99.3-80.9	(89.43889141082764,)	(90.22678136825562,)	88.66463899612427
24	0.07441872151278281	90.57102799415588	99.38856959342957	99.7-90.7	99.4-81.8	(89.9712860584259,)	(90.72391390800476,)	89.23104405403137
25	0.07068853410913178	91.0038948059082	99.41939115524292	99.7-91.2	99.4-82.6	(90.47389626502991,)	(91.19991660118103,)	89.75933790206909
26	0.06698742114050651	91.4480209350586	99.45076704025269	99.7-91.7	99.4-83.5	(90.98496437072754,)	(91.67651534080505,)	90.30377268791199
27	0.06364165600305285	91.84888005256653	99.47887659072876	99.7-92.1	99.5-84.2	(91.44229292869568,)	(92.09631085395813,)	90.79749584197998
28	0.06058081211591186	92.21938848495483	99.5046079158783	99.7-92.5	99.5-84.9	(91.86174273490906,)	(92.48318076133728,)	91.24859571456909
29	0.05798967692240022	92.53339767456055	99.5263159275055	99.7-92.8	99.5-85.6	(92.21475720405579,)	(92.80502200126648,)	91.63196086883545
30	0.05606658518954833	92.77334809303284	99.54272508621216	99.7-93.0	99.5-86.0	(92.48307347297668,)	(93.04826259613037,)	91.9247031211853
