1	0.23086575376732227	75.38520097732544	98.21696877479553	99.2-65.4	98.2-52.6	(68.92930269241333,)	(65.42232036590576,)	72.83357381820679
2	0.2087610932768677	77.39242315292358	98.36554527282715	99.2-70.1	98.3-56.5	(72.16746211051941,)	(70.09167075157166,)	74.36996102333069
3	0.19938296664995547	78.0705451965332	98.41706156730652	99.3-71.6	98.4-57.8	(73.22438359260559,)	(71.59535884857178,)	74.92927312850952
4	0.1911811917925497	78.65622043609619	98.46161007881165	99.3-72.9	98.4-58.9	(74.1231918334961,)	(72.88007736206055,)	75.40944814682007
5	0.18282379739883634	79.30073738098145	98.51126074790955	99.3-74.3	98.5-60.1	(75.0971257686615,)	(74.2529809474945,)	75.96067190170288
6	0.17432780161977332	80.00801801681519	98.56621026992798	99.3-75.7	98.5-61.5	(76.14827752113342,)	(75.70662498474121,)	76.5951156616211
7	0.1660010060667272	80.75505495071411	98.6250102519989	99.3-77.2	98.6-62.9	(77.23881006240845,)	(77.16861367225647,)	77.30913162231445
8	0.15754404590097518	81.5318763256073	98.68694543838501	99.3-78.6	98.7-64.4	(78.35199236869812,)	(78.59839200973511,)	78.10713052749634
9	0.14856418609710295	82.41603374481201	98.75876307487488	99.3-80.1	98.7-66.1	(79.59358096122742,)	(80.06682395935059,)	79.12588715553284
10	0.13956807599104917	83.33852291107178	98.83354902267456	99.4-81.5	98.8-67.9	(80.862295627594,)	(81.51251077651978,)	80.22236824035645
11	0.13117808226858196	84.22507047653198	98.904949426651	99.4-82.8	98.9-69.6	(82.05692172050476,)	(82.82434940338135,)	81.3035786151886
12	0.12290763531716184	85.11343598365784	98.97591471672058	99.4-84.1	98.9-71.3	(83.23054313659668,)	(84.064120054245,)	82.41332769393921
13	0.11468351108255315	86.00151538848877	99.04561638832092	99.5-85.3	99.0-73.0	(84.38148498535156,)	(85.27740240097046,)	83.50419402122498
14	0.10718395757139286	86.83080077171326	99.10997748374939	99.5-86.4	99.1-74.6	(85.43638586997986,)	(86.3523781299591,)	84.53962206840515
15	0.10077995683725609	87.54827976226807	99.16499257087708	99.5-87.2	99.1-76.0	(86.33404970169067,)	(87.24414706230164,)	85.44273972511292
16	0.09520568861281266	88.17777633666992	99.21266436576843	99.6-88.0	99.2-77.2	(87.11049556732178,)	(88.00398707389832,)	86.23497486114502
17	0.08985064921484444	88.78424167633057	99.25804138183594	99.6-88.7	99.2-78.3	(87.84892559051514,)	(88.71895670890808,)	86.99578046798706
18	0.08523145203699921	89.30987119674683	99.29689764976501	99.6-89.3	99.3-79.3	(88.48143815994263,)	(89.3282949924469,)	87.65050172805786
19	0.08091745366020331	89.80884552001953	99.33335185050964	99.6-89.9	99.3-80.3	(89.07558917999268,)	(89.89905714988708,)	88.26707005500793
20	0.07726993694204623	90.23852348327637	99.36452507972717	99.6-90.4	99.3-81.1	(89.5822823047638,)	(90.37282466888428,)	88.80545496940613
21	0.07318016470524472	90.71413278579712	99.39866662025452	99.7-90.9	99.4-82.0	(90.13802409172058,)	(90.89957475662231,)	89.38912153244019
22	0.0696410597207568	91.1309003829956	99.42834377288818	99.7-91.3	99.4-82.8	(90.6205415725708,)	(91.34696125984192,)	89.90557789802551
23	0.066192723478593	91.53892993927002	99.45713877677917	99.7-91.8	99.4-83.6	(91.08902215957642,)	(91.77914261817932,)	90.4092013835907
24	0.06291954467134252	91.93216562271118	99.48465824127197	99.7-92.2	99.5-84.4	(91.53686761856079,)	(92.19006299972534,)	90.89286923408508
25	0.05981643233029681	92.3088788986206	99.51080679893494	99.7-92.6	99.5-85.1	(91.96256399154663,)	(92.57645606994629,)	91.35677218437195
26	0.05683954749829079	92.67104864120483	99.5356798171997	99.7-92.9	99.5-85.8	(92.36886501312256,)	(92.94835329055786,)	91.79656505584717
27	0.05404488514858152	93.01632642745972	99.55925941467285	99.8-93.3	99.5-86.5	(92.75344014167786,)	(93.29978823661804,)	92.21346378326416
28	0.05160123427249779	93.3204710483551	99.57990050315857	99.8-93.6	99.6-87.1	(93.09002161026001,)	(93.60213875770569,)	92.58347749710083
29	0.049667709629385416	93.56257915496826	99.59617853164673	99.8-93.8	99.6-87.5	(93.35651993751526,)	(93.84732246398926,)	92.87081360816956
30	0.04831115092739765	93.73530149459839	99.60777759552002	99.8-94.0	99.6-87.9	(93.54584217071533,)	(94.01770234107971,)	93.07868480682373
